"id","Class_1","Class_2","Class_3","Class_4","Class_5","Class_6","Class_7","Class_8","Class_9"
56393,0.00695030021928305,1.9930471008768e-08,0.000579959314831672,1.4885076366722e-10,2.73886685238565e-16,2.83714382170679e-09,0.00249538339046339,0.989974333988328,1.7062810168838e-10
18457,6.43315645495929e-06,0.314304542419775,0.572974234373202,0.000332690360729666,3.4064226233622e-09,0.000146282334921033,0.0034780371284312,0.108757755947973,2.08720900716555e-08
47792,0.0053263235759626,0.493675162853489,0.245979848419937,0.0246103566431048,5.31195739365201e-16,0.0421676633764846,0.169227406959302,8.90808225984064e-05,0.0189241573491208
5107,0.00205787763041778,0.89506807857416,0.0706173351796004,0.0109417675116161,5.24965738479291e-16,0.000268398793403972,0.0107625817484938,0.00376874245787639,0.00651521810443088
19838,1.71144064819077e-08,0.762642081979286,0.18584970248169,0.0489421196171507,8.58844275964157e-06,0.000781264304169584,0.00136926187077467,2.20740817553242e-05,0.00038489010800802
19880,0.0119494557150682,0.518477930807686,0.203651754653479,0.213871782515026,4.75678789362618e-10,0.0292461138172804,0.0118126661980745,0.00125301426455516,0.00973728155315209
1780,0.350772505547242,0.0613401811730611,0.028400934041644,0.000666489307122019,0.00159607030852387,0.231239710793109,0.0922626101537162,0.067078668997539,0.166642829678043
47127,2.69937962995603e-12,2.81877693121206e-06,2.63883171620478e-11,1.62314080161484e-16,4.40909563140601e-16,6.07581986910215e-05,0.999936422995289,3.55855571222878e-16,3.26788815920117e-16
23238,0.0447470200471314,0.5543469359665,0.0915141563975209,0.117604759548942,0.00260930404555723,0.0712672012008191,0.0301329561210733,0.0145653538961928,0.0732123127762635
20658,6.24391541517109e-07,0.771110640059444,0.196671031299317,0.0321547721276934,2.12347818957394e-07,3.99216005471672e-05,3.04568200901709e-06,3.81659643515626e-07,1.93708319847227e-05
3534,0.000710861986294604,0.471782804053168,0.258565156961742,0.00202017749534628,9.71780333981688e-13,0.0254522214510314,0.00390317429425205,0.236080708084453,0.00148489567274142
24038,0.000699267440640961,0.464078048101901,0.352034064470219,0.000350483680362886,1.67386924118927e-07,0.0764429767657714,0.0327831732414488,0.0713494252676293,0.00226239364510266
49700,1.91686431124718e-07,5.42154172835179e-09,4.91334101188103e-06,1.01273411710826e-16,2.75098843370546e-16,5.28085325285617e-05,1.09456907949511e-05,0.999931134945642,3.82049049695059e-10
34480,0.00110373798598145,0.00753465670136659,0.00137197465171095,0.00105849212370737,3.09965426266373e-16,0.912464657713256,0.00022904886658338,0.0030049393769641,0.0732324925804299
3474,0.00727745635600844,0.704031265386352,0.191427331796197,0.0754982575213083,0.0012791755653303,0.00507956985381489,0.00805359662561128,0.00538569861719933,0.00196764827817864
57554,0.00512604771656031,0.185888353165086,0.0791382588799835,0.0196280223455281,6.40687020912488e-16,0.0386067830777418,0.0211772931142567,0.0904704951690749,0.559964746531769
9800,2.60830831023468e-06,0.796182519432415,0.112151986039629,0.070470066418034,4.64712126494325e-16,0.00114799899936013,0.0169187847777956,0.000193819513472063,0.00293221651098378
28912,5.19939525025533e-05,0.0143431724620679,0.00654204099973823,0.000208058186784692,0.977020506755667,0.000539911036296126,9.35128981250078e-05,0.000645070143347911,0.000555733565470461
38467,0.00386824474263654,0.0181793836132212,0.00696220972768541,0.00150338265062332,0.00617544911679691,0.94189609301837,0.0198608599255487,0.0014775751403741,7.68020647438141e-05
9029,5.44667022296953e-06,0.126419997316378,0.154960039333334,0.00576756446838093,5.39952340853441e-16,0.0385838712968354,0.674191064278426,2.08561171728697e-07,7.18080752500835e-05
39671,1.33065124988764e-05,4.56354796731106e-05,1.54287196936203e-12,1.85851107072069e-06,2.64775354124578e-16,0.999427942226256,6.04158394486736e-06,4.12696937327452e-06,0.000501088715639778
5061,0.00948923060410324,0.687277549712434,0.160977508052701,0.0792462489987683,0.0183066890649564,0.021332494674882,0.00774805211202254,0.00780101751499742,0.00782120926513494
49922,0.0269318415157385,0.000242408447921439,0.0031657385536929,3.44351894540745e-05,2.76307485097423e-16,0.0261632782557585,0.00145623402266524,0.895006918431915,0.0469991455828536
61074,0.131760084086194,0.0341698755783692,0.00205822306952151,1.88297766542545e-05,0.000965453661355224,0.00472118121338912,0.0132197421981367,0.000967874342450925,0.812118736073929
41452,1.25425758976999e-16,7.97445189888046e-07,0.000935040575387132,9.16758473207581e-17,2.49028043362139e-16,0.862903641279932,0.000140628017495446,0.133031529031966,0.00298836365002964
54695,3.50717132644898e-05,0.171886952694168,0.0447196764123622,0.0170424033231987,4.65182239982999e-16,0.00281036790083524,0.000620499046651272,0.759991386201875,0.00289364270764456
3544,0.012507470331963,0.50111477058748,0.109348073860654,0.217907644507441,2.10050394561629e-07,0.028195712806812,0.0586307906042469,0.068067436424871,0.00422789082613772
40253,1.83210628917896e-11,1.99518893615569e-07,1.30265529705113e-08,9.73039191761567e-17,2.64316123734581e-16,0.99765427996108,1.24440773313206e-05,0.00233176878986182,1.29460795885714e-06
34805,6.74650044806061e-06,0.000123237864449254,3.27037139235504e-09,1.44902765988903e-16,3.93613512681522e-16,0.107201627923144,0.892668384438708,2.87835843801225e-12,2.91734415609249e-16
26584,9.13952302627481e-05,0.497990487345118,0.299182676444676,0.119034823802249,7.32463329002817e-16,0.0348095088966738,0.0472541432915541,0.000320759214674099,0.00131620577479209
51597,0.00324412125277415,1.29600774527992e-16,3.70839126794141e-07,1.00956274825513e-16,2.74237373525046e-16,1.83717196857496e-10,5.4892855674954e-06,0.996750018438814,2.03256436392409e-16
1199,0.0389784958829801,0.0365030092461393,0.060051698906342,0.000638545928808647,6.26356501754721e-16,0.114709869195838,0.0299203734633044,0.67986156974193,0.039336437634657
5322,0.042841074665213,0.456640658124922,0.12146399083819,0.0584283334535769,0.0026284715930977,0.120461384127286,0.0700371441258641,0.0472442654009599,0.0802546776708897
5712,3.44746543119777e-05,0.616459845403394,0.359365702046305,0.00113078450183676,0.00127234416606695,0.00574500680684519,0.0013797094057013,0.0142310583392636,0.000381074676275507
21106,1.46558042384259e-06,0.665721625699105,0.209876713835489,0.106182486205504,5.26153719375899e-16,0.00584670821402605,0.0119506836894781,0.000376209987491158,4.41067884817979e-05
37602,7.44750865067259e-09,0.000483278488284893,0.00037347741181477,5.98085566694912e-10,2.66196860557268e-16,0.9953139856555,0.00131163244711767,0.00192140333995384,0.000596214611734117
56057,0.000844207188142564,0.00744843115891825,0.000337389009092469,1.56975040168509e-05,2.72200431920811e-16,0.00034259026532157,9.92599409718067e-05,0.989365716141849,0.0015467087916873
193,0.303264338193779,0.000459514139879118,0.0031025664450824,2.04693272475053e-07,2.66068510086269e-16,0.00148897542357891,0.094264317926152,0.596047685354642,0.00137239782361437
56238,0.00787934240170923,2.65878464718865e-07,0.0016478348481085,9.9385098898881e-17,2.69969435150636e-16,2.08533640248305e-08,0.00936095470151794,0.98111063741989,9.43896945447706e-07
32907,0.00046654318551189,0.00051397851696803,0.000428407236553861,0.000520647410583792,2.63631275600238e-16,0.984148546461753,0.00638436665305744,0.00419636801244665,0.00334114252312546
40746,1.1496197659415e-16,5.9188812251236e-07,0.000737497364071223,8.40276885697027e-17,2.28252603976949e-16,0.861096592112663,2.04290129932496e-09,0.138146371050804,1.89455414368531e-05
27574,3.63437109416174e-05,0.412183411512201,0.0489897820726749,0.491548779543657,8.44841529340501e-16,0.0170947698400507,0.0231170655847342,0.000533998112648805,0.00649584962309156
27942,5.76239432224331e-06,0.517767419204918,0.00793216082540878,0.372346627481114,1.59695843276611e-15,0.043774600850682,0.00168540225140605,0.00176446620547956,0.0547235607866678
9502,6.35803254992364e-09,0.774252593957549,0.186560679277285,0.0391858787423208,3.90549794117943e-16,7.57167638849995e-07,8.22569120281737e-09,2.58533080367197e-08,5.04181738771421e-08
13837,1.97331079713056e-06,0.893626817603632,0.0713112904712213,0.0223579964094573,5.63679552377917e-09,0.000297457276206149,0.0119245092287519,0.000143660197501759,0.000336289865636559
9524,1.44883312644267e-08,0.912215626205844,0.0638549480224924,0.0238991791629974,7.92785416147935e-12,1.07383755084309e-05,8.69831158471212e-07,6.98385832623289e-06,1.16400474137013e-05
4905,0.0209865036484318,0.650798505188742,0.0961568270674859,0.123246743664457,0.00196947377356331,0.0160024327871612,0.0434008474595624,0.0289398715414105,0.0184987948691859
57843,0.000927482783195314,0.000287166313316878,0.00382860999713503,5.54179291265274e-06,2.9726779709407e-16,0.0033116768409178,1.36198012141619e-05,0.0102762207226917,0.981349681748616
4338,4.19753752630695e-05,0.808906640064569,0.132854347174042,0.0233911569326255,7.92091260275702e-05,0.00698780230199151,0.0233702678272056,0.00366731660533808,0.000701284592938331
53846,0.07000926264076,0.00311743559230986,0.0253563801420943,3.26738828619113e-05,4.95251071534249e-08,0.0294971585912824,0.0280836359793525,0.829032041802685,0.0148713618435465
37407,1.33046102908046e-16,8.11871136626017e-05,0.00276942785051029,9.7245687937648e-17,2.64157944543309e-16,0.99708962521418,5.42181187411654e-05,5.31714385054531e-06,2.24559055247804e-07
58191,6.27006103059185e-07,9.45875116839413e-08,1.18098720909575e-08,1.47931543092005e-12,2.81366958254601e-16,0.0606230868332295,0.000431452064813481,1.93070022734127e-06,0.938942796996763
36566,0.0389324206506005,0.0325384022811833,2.85305891011998e-07,5.13243954654774e-06,5.47560445985063e-11,0.79101320696582,0.125307963557525,9.94701542478029e-05,0.0121031185904306
20277,0.00819026904457107,0.457345977310947,0.203394674000065,0.000952017427987264,3.3109445678109e-15,0.0561256383508694,0.25119097876952,0.0131376196575381,0.00966282543849939
3925,1.85716037843528e-05,0.709465283021533,0.221924679685571,0.0225521129304317,0.000149122941370421,0.00192513951410151,0.0394964521459985,0.000713616113870008,0.00375502204333981
13566,0.000777866600007058,0.738179276155797,0.125595309307109,0.0364904043600743,5.34414784457667e-05,0.0437884295904815,0.0349426580941291,0.0128800186591277,0.00729259575482956
30478,0.000571839652839692,0.0509755005518587,0.00700413881706749,0.00191761738608664,0.925842071576682,0.00490579218551992,0.000729274199608065,0.00548938148569176,0.00256438414464611
38439,0.0194881187670997,0.316610093415361,0.0781059871692811,0.0314271465338842,0.00331868904143278,0.150492850800221,0.0418185971290019,0.105214253543013,0.253524263600705
13998,2.31879964642272e-06,0.855779618257185,0.0900449466858588,0.0470885562883078,4.89578888467705e-16,0.00147456756706114,0.00485128736945103,0.000455891046644052,0.000302813985845098
55118,0.139435973284638,0.108469580485507,0.0613587365059425,1.67603592800984e-08,3.53951977072863e-16,0.0841668602443662,0.160980493017289,0.394880736764755,0.0507076029371435
126,0.174555703326475,1.85962772986822e-06,4.24962539727609e-07,6.07200766932996e-09,2.46562907496049e-16,0.0033718395739756,0.000588555896917849,2.80517728513243e-05,0.821453558767502
43524,9.32604752317722e-11,0.0130066122662316,0.00086678460838591,9.6237340208041e-17,2.61418871281689e-16,0.985347948988412,0.000311447753898562,0.000465608175594893,1.59811421626242e-06
21468,0.00113136238342473,0.408498916312786,0.301827382132045,0.00362666910473474,5.75402766496728e-16,0.0999982435656554,0.184315727808175,0.000442883163090476,0.000158815530089397
20140,6.25597679396054e-13,0.78731585626906,0.20906945069194,0.00361264439536862,6.26230681051048e-16,1.70978031981685e-06,2.74387953672636e-07,9.92368284058084e-09,5.45510489729622e-08
49806,3.21431256456985e-06,7.44585130704908e-05,5.58650821536802e-07,1.01168882491197e-16,2.74814900458655e-16,9.4332699604994e-06,0.00106179482049553,0.998850540275973,1.57114388934564e-10
55045,1.08257302516968e-08,1.24467663220086e-07,6.03525008259418e-05,1.01242795602094e-16,2.75015677849029e-16,0.000265275865884918,2.58624936341851e-05,0.99963503164954,1.33421967215645e-05
41412,1.50036270360851e-12,9.62010963626594e-08,3.61292688892202e-05,9.75199420088172e-17,2.64902927619259e-16,0.999924070800044,3.74018191704714e-05,2.30190082521256e-06,8.47377237203287e-12
43143,0.0973232765427289,0.000549074004527823,0.0011404666730144,0.000414773083514596,1.98434543601736e-09,0.841283786783859,0.0192876022624473,0.0270602071558174,0.0129408115097453
26644,3.96311455400901e-08,0.82894051983146,0.132197486154217,0.0364368753832772,5.68103356837446e-16,7.13257339219124e-05,0.00195220726925371,3.65895444010503e-05,0.000364956452322959
57316,0.0217553469564953,0.016344896412141,9.32845309226458e-09,0.0244795164238388,2.33627980275711e-16,0.153609575001751,6.56442622854967e-05,0.00811931266931142,0.775625698945723
7893,0.000750498451230169,0.765319646049178,0.158208716155783,0.0403620334670411,8.56767262288874e-16,0.00551769415579924,0.018857661221008,0.00015699115963345,0.0108267593403264
9191,0.000165775697519181,0.0895471122359649,0.0947989381353084,4.52596977699851e-07,1.1381166742924e-15,0.0198637607483314,0.00108866055790107,0.00130899213665876,0.793226307891337
11701,0.00247658258785289,0.796503735414,0.103465660614571,7.24242146254965e-08,0.00353262677860656,0.0108589425258368,0.0554029424414616,0.0207377645792752,0.00702167263418117
50152,0.0114477308446862,0.00174830172838277,0.0494645275687637,1.1403470977922e-16,3.09763601664126e-16,0.00920211372648176,0.0173057590366201,0.889002911837024,0.0218286552580414
47501,6.46516419074112e-05,0.0135660809917676,0.0218478040167998,1.21855866771364e-09,5.87472956107166e-16,0.00347787534501225,0.961028375196568,1.52088728965577e-05,2.71648860427182e-09
9761,0.00280692256518036,0.561311990563825,0.175997207867291,0.0691009125998628,4.680719888427e-16,0.039372402238404,0.122621962280447,0.00472850849621945,0.0240600933887699
29014,0.00294598596257415,0.0737934334571495,0.0150386046487247,0.000593038546957756,0.890442565633222,0.00170878778310859,0.00439757482853947,0.00381211695741741,0.00726789218230601
61590,0.0236868121996797,0.0266830574867368,0.0014889770441433,6.66573436094422e-07,2.93998528875435e-16,0.0479628719884058,0.00148294611971343,0.033449210412041,0.865245458175844
59970,0.0459403361064014,0.0217583203717564,0.0501756213802885,0.000344774895641531,9.17475234972332e-16,0.584733737724344,0.0906986411398447,0.19657300812761,0.00977556025411298
36847,1.33427497020661e-16,8.16675992051166e-06,2.04983275400084e-05,9.75244554629343e-17,2.64915187954783e-16,0.999970128330677,1.33409335105537e-16,1.20654831183098e-06,3.35500199680594e-11
7751,0.000133922516716047,0.412847033964038,0.204989172160865,0.368171992725926,0.0108927183915945,0.00254370832459913,0.000325860116704348,2.57158505413846e-05,6.98759490162729e-05
51299,0.0167317694661053,0.00173937048732645,0.00734549341036509,0.00145969061518904,3.40300428648518e-10,0.0358944652429874,0.000148689158289357,0.922360232229941,0.0143202890494959
55189,0.00280917746305718,0.00242631941670134,0.000214081375574318,0.000514977096316496,2.74801441057572e-16,0.000567287258521133,0.00468045557249621,0.983872383618843,0.00491531819848952
8531,1.36538743190974e-06,0.619860214333182,0.244159955116843,0.125661155988199,2.55060761817742e-05,0.00186205672089516,0.00421622094883154,0.00155600317304755,0.00265752225538862
48044,0.00471249613623327,0.276244374424876,0.148023388259787,0.000386793684742898,1.42027863498724e-15,0.404617537454508,0.15669861285873,0.000656645708934839,0.0086601514721871
48542,2.32349831115278e-09,4.66655694612044e-08,7.82002435498841e-05,1.01256482797785e-16,2.75052857713321e-16,2.96654761264275e-05,4.05319878150806e-05,0.999770150916427,8.1402387013587e-05
26000,0.000118350112680133,0.635347927911558,0.320383035450607,0.00101380697540553,5.14748056821221e-16,0.0396740550694422,0.00181111937873552,0.00140502138002877,0.00024668372154288
34539,6.21497952126336e-12,8.96994374201635e-06,2.52326832965195e-05,9.75235035497782e-17,2.64912602180257e-16,0.99996064204958,2.23822070226813e-11,5.15529428787945e-06,4.95955349907045e-13
1217,0.387688014538299,0.0138475467017936,0.0305145800943856,0.00173250117064762,1.50296422724789e-11,0.225235398824635,0.0154969761140213,0.180938987677572,0.144545994863617
32528,1.19586983416208e-09,0.000283135720267047,0.00321636981659491,1.91973432478084e-11,2.63965507096474e-16,0.996280187848875,5.30267218440107e-07,0.000219770423329365,4.70864804140184e-09
50051,0.0175722362308975,0.00115160270457755,0.0114459135179814,0.000213513798808765,1.86540435204594e-12,0.0208902173324022,0.000401753902314038,0.943347215065618,0.00497754744553472
14237,0.000390333150303088,0.586576784833823,0.253218361079721,0.0838351065774605,0.0112011027289414,0.0070782437889533,0.0520682152491109,0.00452273187871241,0.00110912071297466
17976,0.00646197738954062,0.51372256483804,0.224542634355037,0.044580942344118,0.00538302400528733,0.0332164699691362,0.0288546334302442,0.0993326847982545,0.0439050688703415
42949,1.33429151611383e-16,1.1049592587781e-06,6.06243573019685e-06,9.75256648317882e-17,2.64918473081326e-16,0.999974982562263,3.28682891007515e-08,8.03008493402112e-06,9.78708952397042e-06
14978,0.00159126846756398,0.724843490734364,0.114155759248644,0.0373205576204343,2.06137838251629e-10,0.0196776147824755,0.0186470059075887,0.0256930065818115,0.0580712964509802
4333,0.021126125331251,0.454742262497852,0.106513443525622,0.0432641401459576,0.00702839307016933,0.0586059329482734,0.0770272685083037,0.0320662100852419,0.199626223887328
36791,1.35668083537666e-13,1.05321510050911e-06,1.51447805103423e-05,9.75190491803998e-17,2.6490050234237e-16,0.999914933319945,2.81595783077908e-11,6.8867672202e-05,9.83946872893589e-10
30814,0.023960188361221,0.0829231424147077,0.0103583289680273,0.00742286445201668,0.737889407202385,0.0500920399680484,0.00824151559249075,0.030765175367197,0.0483473376739055
31644,0.0132633994628434,0.0422271896542302,6.81550948275729e-05,0.000487109076779741,2.64931917845062e-16,0.888868767601349,0.049237375178165,0.00112675810012647,0.00472124583167802
16940,0.00259823345834087,0.815411493854718,0.086409383106072,0.00470363348614462,4.15607388651049e-06,0.0100613788443885,0.0227056957745074,0.00262776081037785,0.0554782645915639
4916,0.015966446275547,0.478585410952349,0.124621756523708,0.062153730702063,0.00142986188526591,0.0927824011451369,0.0305574547163198,0.0695427302323869,0.124360207567223
5796,1.10549164287734e-06,0.90747551822222,0.0865298548037057,0.00223557455780792,3.51013210349698e-05,0.000265544233489668,0.000846575161656111,0.00250448625851063,0.000106239949932363
59850,0.00331713672189971,0.102398993754445,0.00126080221415557,0.001282033502971,0.0132263345012988,0.0789022902195928,0.00068212376650716,0.114751719918498,0.684178565400633
16424,1.89103000133433e-12,0.88140201324259,0.0890703990401565,0.0295137158678278,7.67532863858089e-06,9.32660021351024e-07,2.84049403514123e-06,1.07573502773236e-08,2.41260748903425e-06
52226,0.0329261485427196,2.60783462260281e-12,4.05194427824088e-05,1.89612517412772e-08,2.66313610488925e-16,2.15458549644958e-09,2.82789974961349e-05,0.967005031898472,8.47642713982818e-14
10820,2.71837587367778e-10,0.881009881006624,0.0690744905979876,0.0459260910588395,8.64224111616471e-09,0.00378012616271619,0.00018602852617985,2.28641957183866e-05,5.0953785656637e-07
49313,0.00919000076599056,0.00384045832148991,3.41915145453913e-05,0.00128082769164554,2.775907581213e-16,0.000361268078817515,0.00715675370796458,0.978136484252485,1.56670611155092e-08
37641,3.77266035531997e-05,5.2089209580683e-06,1.41181148401779e-05,0.00102078095338056,2.64712128453198e-16,0.998706813316832,6.20466254812296e-05,0.000132541865047058,2.07635999069699e-05
58861,0.0016252082972861,0.450134033381923,0.136222856250037,0.00344080362262952,7.65501645043549e-16,0.0387538143390057,0.00265596849440992,0.115980738428786,0.251186577185922
15547,3.80189763340863e-05,0.657960330025645,0.223061678548808,0.0351537227415359,1.39388751877697e-05,0.00226539007108939,0.0793234394237002,0.00126380628332269,0.000919675054376295
35752,0.0506371170780416,0.031174621478432,0.0127618644601902,0.0281997774206799,2.30167081728444e-16,0.842896808138295,0.0325927118809155,0.00155685042419862,0.000180249119247083
9237,0.00117602617405445,0.701331463679419,0.15634620670632,0.0578165391588547,0.000756177713912583,0.0156423721308432,0.0430236765620532,0.0090124803627378,0.0148950575118056
24790,4.92431054039114e-07,0.492298935286327,0.282616170845618,0.22059925764036,3.62262548888122e-12,0.000911440561621026,0.000482301954370966,0.00228934586490952,0.000802055412117291
17485,0.000281695579885105,0.698653113094039,0.0854282908734193,0.197836243224868,0.00346668006890607,0.0106715625476944,0.0010301960984808,0.00125178632241134,0.00138043219029559
60752,0.000665340632900885,0.00127324764980119,0.00021308758704861,3.25021798658067e-07,2.97668836165286e-16,0.0121731068468551,0.0334937359486938,8.28816231374708e-05,0.952098274689764
39631,6.64340815504276e-09,0.0181409349656227,0.0131017722440803,3.54998072944615e-10,2.57742488173779e-16,0.961750140500827,0.00141072493093686,0.00399281787706967,0.00160360248305723
45496,4.91274704772425e-06,1.26394915924794e-05,4.76636197394269e-10,9.94091297722272e-17,2.7003471255515e-16,0.998905520664155,0.00101061966194015,1.72191192542401e-07,6.61347674354823e-05
7562,0.0254513833588857,0.480441176253231,0.162704120902833,0.100162894082377,0.00390155137993881,0.0856346498186704,0.0545229549364181,0.0232634424695475,0.0639178267980985
7941,0.000544342965703619,0.932681221011276,0.051101691221741,0.00110986926244161,1.45954951012263e-15,0.00875792696154208,0.00372664137474461,0.000111170066488043,0.00196713713606188
14732,0.000559105887500513,0.686426422070442,0.107763898542278,0.0706378419211444,0.0180314713420752,0.017958942793695,0.00601549584545931,0.015951109422589,0.0766557121748166
28440,0.0142085580873071,0.00727505636788852,0.0228587303565007,0.00234484297490773,4.51539559332013e-16,0.81427828138188,0.0824373580361516,0.0155001075256161,0.0410970652697478
15018,2.17785420201927e-05,0.329948079913606,0.401929756139324,0.191466162424494,0.000603795840664626,0.00176413624346304,0.0735514090444583,0.000714559645809636,3.22206160263461e-07
29418,0.00548462896589043,0.0636113831181695,0.0218811102368185,1.93905143964977e-10,0.879200559692334,0.00407779650944063,0.00771452880432038,0.00758897603414187,0.0104410164449791
2237,2.03922992747036e-06,0.419132609081108,0.357022070884175,0.150414879597964,4.85692661259775e-16,0.0171217553112116,0.0562134458666191,9.16739159376077e-05,1.5261130570988e-06
43601,1.07363467410771e-12,2.78619141002562e-05,0.00171104018987617,1.39997683208643e-13,2.64456990251374e-16,0.998236293831215,8.76928432744832e-08,2.12509266548523e-05,3.46544409630922e-06
47686,0.101477740737583,0.115909318619672,0.0158238479021018,0.000318520387405543,5.52757782812571e-16,0.238015606528359,0.502161598924773,0.0208596057156232,0.00543376118448179
44778,1.43418585496645e-09,3.69604366477941e-13,4.64804653126621e-14,9.747272425869e-17,2.647746654404e-16,0.999438263424049,0.000323693866894262,3.56899568366924e-06,0.000234472278771022
45270,3.55132782632633e-05,0.008704913259384,2.22222070101953e-06,0.00098902301536809,2.34117509722597e-08,0.988421382482693,0.000382164569286515,9.17204243365701e-05,0.00137303733821692
19703,8.05799735725263e-06,0.680901294359186,0.136198631796009,0.169853174136695,0.012638421385118,0.000366886827780932,2.5149267538911e-05,6.35051983271315e-06,2.03371048316233e-06
26768,0.0326437866924045,0.29470012322374,0.0509853427451171,0.146536393809833,3.63220256435089e-06,0.174861854156036,0.0728348673720497,0.0671185323075708,0.160315467490685
51183,0.0316645497102072,0.0360362615385677,0.049864525871229,0.00300741417720729,6.57084523515616e-06,0.0410958554042798,0.0133633024655436,0.760817198427585,0.0641443215601449
43275,1.33328540011129e-16,8.64011046411301e-09,3.83793294618551e-06,9.74521260804284e-17,2.64718712600266e-16,0.999228666688234,4.22827808338052e-07,0.000767023090670844,4.08202295391992e-08
23299,0.00010783877100943,0.102498919978032,0.659840145095271,8.12845709414365e-08,0.00442145630688797,0.0277835440649612,0.0257672580425754,0.179486756393112,9.4000063580404e-05
31285,0.000224721375499529,0.0284937375301858,0.00275453957804573,0.000591165290135639,0.95086559361325,0.0020519641150334,0.000392712381893382,0.00138311709122621,0.0132424490247307
60457,0.00634301511214362,0.000137882629257689,0.0163079646480933,2.29345821308305e-08,2.88512422866109e-06,0.0318027447529131,0.00551481239067323,0.0240542686914429,0.915836403716665
55809,0.031384071510379,0.222206138033465,0.0607178769074256,1.83309440939779e-10,1.95249719327492e-09,0.0781911989171584,0.16783990481387,0.428817799037465,0.0108430086444301
54372,3.18429505065563e-09,7.0434972366129e-11,2.55054431043866e-08,1.01277056635044e-16,2.75108744433614e-16,1.87534863275362e-06,3.52303754058264e-06,0.999973336933884,2.12359197692076e-05
46301,0.0429561022004045,0.304974832338291,0.0769202273803377,0.00453507259700608,0.00764446023418583,0.148833208027534,0.0991309288726624,0.241096739116807,0.0739084292327719
46674,0.00593501077077792,0.00369002291241922,0.00483678008342582,8.76360905859524e-10,3.41674871316036e-16,0.28544008861258,0.699399096485228,0.000698993008732656,7.25047598421616e-09
146,0.147445774789933,0.0208302932262805,0.0180296516860613,0.00412721358075248,4.32568455981318e-16,0.228640161416439,0.0358062164321533,0.336384996321726,0.208735692546654
40853,1.33158475532969e-16,8.73313353039017e-05,0.00153038696849705,9.73278230244877e-17,2.6438105608866e-16,0.997953698703599,0.000425380365507858,3.18209125362684e-06,2.05358381907064e-08
22627,0.0019849381138835,0.679503776415399,0.198810110278528,0.00581026215842341,8.30332292245344e-06,0.0345651157730999,0.0779023332093395,0.000502166158057829,0.000912994570345598
42402,1.33402899119149e-16,4.0304547452809e-07,0.000180316489683242,9.75064764330936e-17,2.64866349762897e-16,0.999753505901602,1.91594838783839e-06,5.22099341201928e-05,1.16486807317839e-05
934,0.414543021479754,0.00030024071921094,0.00333098326354908,3.08127374803806e-06,4.51723884886826e-11,0.00609355008513375,0.161212463996197,0.398872364560896,0.0156442945763379
48091,4.12083048899615e-05,3.72944826968675e-10,7.4281118595589e-09,1.64200650948669e-16,4.4603423932879e-16,4.83842528874787e-05,0.975760520042552,0.0241437752358676,6.10436274581389e-06
40905,1.33190925593509e-16,0.000160159140198323,0.00120201187301619,9.7351541332592e-17,2.64445484441729e-16,0.998121278836564,5.15391156103365e-06,0.000169660556911489,0.000341735681748782
37392,0.0652890338147979,0.0430680228973083,0.0104142890407905,7.93723429592563e-07,4.08021892956219e-16,0.0277731257410127,0.0183498326954008,0.8307997120017,0.00430519008555964
36213,0.0521172104852876,0.0216935187425395,0.0125724124158078,0.00109413724164507,3.9211638869227e-16,0.546600341348496,0.0329443663337942,0.273194270427357,0.0597837430050722
46175,0.0193982533194796,2.01132770907258e-06,1.18700160407754e-05,1.55136649740608e-11,2.96933481911628e-15,0.030330018779214,0.940796797324549,0.00945911907731699,1.93014017435829e-06
35361,6.02585487436794e-07,9.87719147733481e-07,2.71330656592901e-09,9.7544408199574e-17,2.64969387518903e-16,0.999369271888911,0.000479354856232016,2.44106386171759e-05,0.000125369598297596
20527,0.0449086084053969,0.0529325353644056,0.12813881646161,3.73827479730357e-08,5.78920510515689e-16,0.159239985559331,0.611346128384308,0.00265571764873073,0.000778170793468631
31732,0.000174189850967486,3.11090676031502e-06,2.2568529212434e-10,0.000118055903717361,2.6395747971491e-16,0.996288457240354,0.00341102553052228,6.31538645281244e-07,4.52880334768522e-06
8530,0.00711960287176645,0.618034374361397,0.156854999176637,0.117207344574568,3.7117253607965e-10,0.0384547587402925,0.0264662054945013,0.00505035145927852,0.030812362950386
59643,0.0403944952224373,0.130957131617424,0.014411928080411,4.46567115864894e-06,2.2178055898502e-16,0.000416435051676131,0.0036151204660923,0.202658704259534,0.607541719631266
44256,1.67722533826087e-07,1.07667668722813e-05,9.11791435629358e-09,8.70766695391047e-05,2.65033656927646e-16,0.999855904278039,4.28176226853295e-05,3.86691819654016e-07,2.87113059600443e-06
22722,1.70379863327951e-06,0.586653234299904,0.279614418863428,0.0738904341681223,4.90821797948359e-16,0.000526718872011363,0.0585178984641642,2.47313800772027e-05,0.000770860153658737
52331,0.00140771581152608,0.00142747131249538,7.62094101042553e-07,0.0131624052392321,2.89524730558455e-16,0.961562526907107,0.00833905507561608,0.00489219936915879,0.00920786419076308
4461,0.000137770209179578,0.72308391173573,0.166505510364081,0.109168000989264,2.58242316047761e-09,0.000984510241514421,3.35000623379828e-05,6.52657246279938e-05,2.15280908415637e-05
5780,0.00600246368267011,0.606385532090299,0.0890816321660826,0.0983519262217903,7.02399449598751e-05,0.0635130100768116,0.0253860839038026,0.086255915375468,0.0249531965381161
53713,0.0325729865842283,0.010016425651811,0.000505115004199092,0.00111996895354442,2.7927456005938e-16,0.00343729033774552,0.0102416427828996,0.942057683174995,4.88875105768147e-05
25251,0.000169594037618939,0.256392313348519,0.687337770161567,0.000803459409211567,1.25593914682967e-15,0.028491120807057,0.00671395829649844,0.0185533661529962,0.00153841778653107
46434,0.0951210837408816,0.0760947368905444,0.0261675857269874,0.0966980005303167,4.65981216784078e-16,0.0186525241689433,0.381242923366429,0.304975540786431,0.00104760478946555
49686,0.0292424769823321,0.156137358997139,0.0209616796271709,0.000561846733955306,2.05901464861472e-07,0.0352813427225393,0.00418719876152111,0.722264610528594,0.0313632797452832
54459,1.3856519531098e-16,6.14068905242006e-11,3.0214328600901e-11,1.01279687624853e-16,2.7511589124778e-16,8.4297936209678e-13,1.0761567795232e-08,0.999999314385464,6.74760503530676e-07
23997,5.99606268421361e-08,0.206772032557648,0.559213435615671,0.000188386910908757,5.83333622743121e-13,0.0043473947196735,0.000603287697849999,0.228870101857495,5.30067954414997e-06
61578,0.0729959378621331,5.27829307382506e-06,2.16108258806118e-10,1.01951932888598e-16,2.76941976608127e-16,0.0010109047413969,0.00274381038063405,2.23518275674259e-16,0.923244068506653
46514,0.000703017254814742,0.000529449880552371,2.77016262773475e-05,3.00656289644144e-16,8.16701996466288e-16,0.362514233782136,0.111686755229134,0.524386760959872,0.000152081267212869
13472,8.89609851365756e-10,0.899878741626839,0.0880205402717095,0.0116232338858395,5.4290060153583e-16,1.27896332416173e-05,0.000434866752347999,9.89970701320153e-06,1.9927233398942e-05
4596,5.07521594801694e-08,0.868216704268646,0.128456509901792,2.50545633810932e-09,3.70224064447211e-08,0.000349641577115805,0.000562337761568987,0.000350176770805158,0.00206453944005013
61143,0.011354958475932,0.0214110210402291,0.0121620623297112,8.34220434088617e-06,1.1800202614119e-09,0.00254675950360031,0.00105943878217927,0.0150444796418497,0.936412936842137
44676,0.0351411191838439,0.00281042713033228,0.000292229834630722,0.0262134897473814,2.89275430086298e-16,0.867384277035076,0.00339433747832579,0.0403291790364384,0.0244349405539711
7049,5.38048029550701e-06,0.727164856295023,0.193839925107335,0.0623895742607147,3.73635664893677e-13,0.00569791650231485,0.00451520892662557,0.00333041052306621,0.00305672790425058
2650,2.98601156781485e-06,0.578940901464577,0.213187143788823,0.191209088048868,4.34513949699107e-16,0.00959680981459002,0.00551212379387456,0.000998006990878277,0.000552940086820964
46545,0.0328760172550475,0.0136833874092759,0.0862016384810892,0.000457603230710023,2.98559123425452e-16,0.207207192291103,0.649014088247398,5.76776968321712e-06,0.0105543053156921
22400,0.0437644042360146,0.0197383394296679,0.119840626244966,0.000388805356168688,0.00743712119798394,0.290670513284573,0.116971504562147,0.399980395678867,0.00120829000961256
33259,1.2042301570975e-09,0.000165754060078239,0.00106386775191235,5.79756103250645e-10,2.64549084207004e-16,0.998449040081759,9.52598375071643e-08,0.000283383520595264,3.7857541830854e-05
16796,8.91629597361417e-05,0.741149170050595,0.188083119394795,0.0245460226193298,0.00207290666900236,0.00970153273706303,0.00464594239647706,0.0133121439782381,0.0163999991947639
42988,1.33367205284799e-16,7.65805306294972e-06,0.000700567160682887,9.74803871948476e-17,2.64795481021095e-16,0.99772181021097,3.09173462160088e-10,0.000806081736924301,0.000763882529185763
47111,0.122234137797972,0.271868774330017,0.0503883671506307,0.0545171677762268,5.49510115781445e-16,0.177664617759756,0.103576129072719,0.166047257662027,0.0537035484506504
8443,0.0139739401968386,0.611099603541985,0.141936017577857,0.0625305835899403,0.00437737718733138,0.0270913015153175,0.0402448109355274,0.0222213012388505,0.0765250642163522
10662,0.000932600339365291,0.628439522071777,0.202623978844004,0.10906137903481,7.22235386831531e-11,0.0171727459161769,0.0375492740708484,0.00280641746487204,0.00141408218592271
53523,1.86787027653041e-08,1.30017551272513e-16,3.42471879814241e-06,1.01280935134943e-16,2.75119279981083e-16,2.74620168194532e-06,1.56069738762333e-07,0.999993654330171,9.06525304474053e-13
16128,0.00462065748749494,0.457697233342259,0.10071798295072,0.0388850100332808,0.00501208740569483,0.0476195763509966,0.0111692625932443,0.0532561177649582,0.281022072071351
32545,0.0769295310935418,0.0378787145098172,0.081917609517618,1.54691735977934e-09,1.87967369178184e-12,0.640427253593521,0.0283485826244929,0.0597853726539849,0.0747129344582275
23223,0.00145693863666358,0.555447040674071,0.271336215833647,0.0221953005102717,8.70805388034677e-16,0.0849481466667932,0.0136301540943565,0.0455646693327842,0.0054215342514116
38675,0.359550471010789,1.23600701732884e-08,2.19427767670898e-07,4.74069631237827e-14,1.8389546763029e-16,0.0496838594697198,5.07189256517002e-05,0.575464034402234,0.01525068440372
3958,8.80555737123256e-05,0.440843990048396,0.399121352913747,0.0474625026633683,7.67527328377654e-05,0.00137639661461607,0.109803707975071,0.00108723715548123,0.000140004322769179
47559,1.65789539757237e-05,0.095394966991145,0.221087926728141,0.115697365995169,4.94559371269171e-16,0.0368207834543412,0.46671215141403,0.0195974997356841,0.0446727267275138
2219,2.19485419437898e-16,0.620893382561409,0.379057831788817,8.15811719788499e-09,4.35779898761957e-16,2.86847704014253e-07,4.84191938153228e-05,6.54806749402747e-08,5.96946159113932e-09
45851,0.00220600164001449,0.270832996755438,0.0066478321477306,4.32858253058204e-05,6.06646621514483e-16,0.214339596414497,0.504322332895115,0.00148648651771713,0.00012146780418208
23477,3.01152006895202e-06,0.737164108651502,0.193626225806529,0.0534824655088167,3.75049120707241e-05,0.00103610280032242,0.0135981073406986,0.000309561519782445,0.000742911940209141
30668,0.00529438719978145,0.101472720945646,0.021857617516781,0.00325426532135732,0.839542877352342,0.00640360727553461,0.00713201955644803,0.00714578520152658,0.00789671963058256
54306,5.47987662179748e-05,0.174980446845168,2.3651214747433e-05,0.00119367223532594,0.00343221961658195,0.000162220475947173,0.0198479003139212,0.799700564969101,0.000604525562988493
5793,1.21025528985642e-06,0.674053524069931,0.314578583340138,0.00333815495515766,8.69556936564561e-08,0.00278013656603861,0.000250645501903018,0.00498442325681075,1.32350990375461e-05
5168,0.104853700757807,0.160076019544364,0.0745986747147546,0.0573076923393558,0.0009752469630503,0.446824340253262,0.0434077918781075,0.0716311863790457,0.0403253471702529
13343,0.00186982996418277,0.79963724936685,0.0669769941792099,0.0142948934116956,8.91129360930652e-07,0.00360704060313284,0.0156363331702235,0.096957519664972,0.00101924851037276
14036,0.0923683270790752,0.447052327415975,0.0585794249493308,0.0240827440040569,0.00779842801694063,0.0718790421206465,0.0566086486072686,0.0422090254960614,0.199422032310645
22121,0.000252256672982825,0.618441472491727,0.345546773689446,0.00318068691731804,2.52989404255367e-07,0.00737507021174768,0.00688629232242987,0.0179462129770201,0.000370981727924746
47886,0.0408238114373445,0.383246165509182,0.168321243711832,0.0555029171135875,0.00568537866451498,0.0847270264178743,0.117076158069143,0.0322329087496826,0.112384390326839
56042,2.56667437354038e-16,0.00647419942849155,0.0267475957670074,1.87602650292865e-16,5.09603372069467e-16,0.60742187151072,0.0269713598567777,0.0874992865597217,0.244885686877281
37358,0.00232359871836213,0.12829278277683,0.0246214979206308,1.56835416932183e-07,2.2892177261329e-16,0.525941015143688,0.00219088875143447,0.286929040565746,0.0297010192878919
3940,0.000259767783606837,0.792881169274718,0.136699992661686,0.0555313600152295,6.28661096953412e-09,0.000576414392281993,0.00356407247391131,0.00481864718723791,0.00566856992471823
6076,6.43825227232033e-06,0.606202402917037,0.186926216665379,0.00118029299434212,0.000102768368539687,0.00853036186673273,0.00101759049444396,0.195973233591479,6.06948497737068e-05
19014,9.33449033333706e-05,0.635219677854777,0.335545852992247,0.0111802097675504,1.6626033401748e-07,0.00920890074242277,0.00250977653615873,0.0061120926893085,0.000129978253868182
9599,2.99970252294129e-09,0.815946869866676,0.145567618607827,0.0368844144337998,7.81142084973365e-16,6.76064456798475e-05,0.00124261923469494,6.89063806658248e-05,0.000221962030953229
41249,0.00417411821281396,2.39639532715126e-06,4.04061008625726e-06,6.04477731634059e-06,2.61364839086983e-16,0.986545457599192,0.00885904519804399,0.000112725999456523,0.000296171207763386
1370,0.00362711390421834,1.15946532113675e-05,0.00308934179331677,1.7620763062861e-11,3.4205918953975e-16,0.0456147113861493,0.00613930752159425,0.941515471991725,2.45873216395197e-06
39560,2.073449134375e-05,0.805989393197596,0.11031143190083,0.00163031909842016,6.47671015385508e-16,0.0596857865521506,0.00478165709617765,0.016022886515607,0.00155779114787469
35414,0.00111907602002895,0.0122887990310913,2.82034458856479e-06,6.04516052466269e-06,2.80847772167223e-16,0.977624327781492,0.00619372624167622,0.000233927578634948,0.00253127784196338
45475,3.42703101698422e-08,1.90678458838133e-09,4.74850930214113e-12,2.32270374787924e-08,2.6458773324314e-16,0.998673610525133,0.000688839002287815,0.000237574689495188,0.000399916374203285
56820,1.38565255881455e-16,1.97904843242331e-08,4.46497760035782e-13,1.01279731896855e-16,2.75116011508138e-16,7.69477355731648e-10,2.27877740932275e-07,0.999999751511342,5.05083564854423e-11
8130,0.000334671826527424,0.882302077232214,0.0722369611982833,0.019142991829798,3.83418692140855e-09,0.000630620136060916,0.0134041552237817,0.00419249824071449,0.00775602047843323
21652,0.00194807168668593,0.554396395795907,0.383966922089996,1.46541878170976e-05,8.43199458393995e-16,0.00629596975200509,0.0147160997963314,0.0386277742068918,3.41124843648287e-05
15077,0.0029178815319745,0.604832867563601,0.158956148820144,0.0928088061521574,0.00395846387922552,0.0267789984478932,0.0683860169020121,0.0332915399570513,0.00806927674594147
61661,0.0163563608769794,0.000407539760773324,0.00225164853466929,5.67599416054232e-07,4.12237473642705e-16,0.000252811924819918,8.98542026123555e-05,0.00876844514517733,0.971872771955552
12100,1.70689911572083e-05,0.659616626598869,0.313652543578395,0.003259141502887,1.45226748867834e-07,0.00792759731639648,0.00098502197403491,0.014498899532769,4.29552787423276e-05
48407,0.000539982898087395,0.434928313785945,0.237075555920101,0.034584895965217,6.30054264114906e-16,0.0815368238198976,0.210597022151513,0.000174201679382986,0.000563203779856121
55842,1.3856524447374e-16,7.42377290540828e-14,1.45811800404526e-11,1.01279723558761e-16,2.75115988858558e-16,2.30587811313856e-16,8.69787377879474e-10,0.999999669183985,3.29931572002115e-07
