id,Class_1,Class_2,Class_3,Class_4,Class_5,Class_6,Class_7,Class_8,Class_9
3,0.431320960059075,0.138938793728418,0.0525011129193832,0.0307034000269771,0.0135889729464085,0.0615240700410739,0.0772876826789318,0.0876570472042991,0.106477960395432
5,0.544465617070195,0.0291194447788604,0.0212952595781631,0.0180751657983491,0.00861886939031005,0.0510581905339128,0.122183534607185,0.1697752372408,0.0354086810022254
8,0.0899226267336201,0.225117334581491,0.0805969772446687,0.173011723003068,0.00995233909387186,0.189394009877453,0.0756220933554493,0.0919411173956241,0.0644417787147539
18,0.0248632829719913,0.149220887768355,0.0325698454437568,0.0347923121337652,0.00518669690775344,0.680013980035264,0.0159036215624436,0.0248552676563856,0.0325941055202845
19,0.42515103973584,0.0351976094402866,0.0208354042434285,0.0106654589238777,0.00278821172987775,0.0561455121026975,0.0861506665604351,0.309873948346531,0.0531921489170253
21,0.413201492699602,0.0473514507979972,0.0290742214217732,0.0292755479084838,0.012193918083366,0.139493793225083,0.0601967627716529,0.068002413039289,0.201210400052753
22,0.175027797839704,0.0440000772200594,0.0334033092723937,0.0185934823917073,0.00724570382718395,0.0350296587816279,0.0307785851685265,0.0727045100426799,0.583216875456118
23,0.353271188740965,0.0793607317274093,0.0473383273308163,0.0277426346913553,0.00878151910686748,0.134958813164446,0.0509788472923555,0.0889573411115942,0.208610596834192
27,0.0615206627229232,0.0141298790545064,0.0079191835497416,0.00705426074731375,0.000826772975770828,0.0116443911520693,0.0132201618086134,0.0664598712219843,0.817224816767077
33,0.664315907653988,0.0495030273849372,0.0249846859154645,0.01693508028157,0.0157388343216466,0.0864293900206516,0.0279672042087595,0.053636739670756,0.0604891305422266
35,0.559540699402258,0.0315075775914842,0.014237607620626,0.011887843007836,0.00319191638307016,0.0187672064274216,0.0279052155189818,0.318248227355481,0.0147137066928417
36,0.854583783234602,0.0119208089229316,0.00637828453169683,0.00342535891512751,0.00317716373218202,0.0151085548794831,0.0120976392150007,0.0145041057013022,0.0788043008676739
41,0.187820584260246,0.03226025416888,0.0144369930165825,0.00560729279615773,0.00146388885205152,0.110984497243221,0.0795734618299684,0.548652273611139,0.0192007542217547
42,0.110943574297164,0.0578216767045207,0.0350824886898561,0.0242391166479514,0.00738841081244163,0.582869924561436,0.0418528676010281,0.0702116789179916,0.0695902617676113
45,0.114980532926037,0.0910374992029799,0.0387705376585295,0.015851639035988,0.00514584756483402,0.0367456659806875,0.0274768040438589,0.563276158909325,0.106715314677761
47,0.417870358289884,0.0751151027610564,0.0392824003770113,0.0198799249493615,0.00850581576560093,0.0661976141792156,0.0577002508319253,0.0785686577654414,0.236879875080503
51,0.407561780810083,0.0204364328466475,0.019284440627025,0.00299496850882454,0.000712468967093949,0.0328572058361153,0.00628669495286986,0.495370654314055,0.014495353137286
53,0.108511648767622,0.115501221803955,0.0534989141249094,0.0246804261169032,0.00436700549626947,0.0398173428818042,0.0330504798105957,0.372008612013451,0.248564348984489
61,0.186182516198274,0.0602520615490002,0.0258276819732196,0.0110407943353215,0.00179379514611792,0.0600245783096811,0.0184151834539565,0.592624337860065,0.0438390511743645
64,0.75202284500369,0.00675331760268966,0.0042190310199718,0.00185929848349157,0.000526824185841688,0.00667066260208968,0.0241214175238749,0.191597262742435,0.0122293408359157
65,0.098283019398936,0.102685572888804,0.0704534840229382,0.0841555189456825,0.0107743714456485,0.172840101421085,0.112455956904376,0.29250222490892,0.0558497500636118
71,0.121983856828976,0.190957333033111,0.115654175331084,0.0669185961454519,0.0351708813952259,0.105906689710213,0.118434528966067,0.159516632719665,0.0854573058702066
74,0.337468780920542,0.0463374394682147,0.027428750215932,0.0102571042508502,0.00281497777553578,0.0485495145366072,0.0202375489209694,0.106590521707155,0.400315362204194
75,0.304868317207146,0.0484636153742831,0.0285889766555872,0.0136962167909847,0.0118457348569194,0.36418161138845,0.0420984517555372,0.0501595767820798,0.136097499189013
76,0.114461373388481,0.0978946561686546,0.171996393595351,0.0406479321223082,0.0106249562621356,0.107551493959688,0.0916782478042382,0.216199445929186,0.148945500769958
83,0.119459198358815,0.054312516510439,0.0900871529211028,0.0201049814339958,0.0045784239028292,0.0465025915466177,0.235720261679716,0.368588518528318,0.060646355118166
85,0.0565825099146822,0.0490404077380617,0.0313226157320949,0.0129408357875855,0.0208621807178918,0.0486157270300772,0.18644883462865,0.555252428911641,0.0389344595393162
88,0.445966576228564,0.0328253896142689,0.0219303836488592,0.00984576288220243,0.00614717599627844,0.0280298417862491,0.0298834016033667,0.376372642569413,0.048998825670799
89,0.224310219348423,0.0447002616148849,0.0474510598375653,0.0128580100672264,0.0109570605861604,0.0370198255116974,0.141966968254253,0.189073870897147,0.291662723882644
90,0.636134388852538,0.0416560641767749,0.0346997768212178,0.0124093734255132,0.00808078485500722,0.104935569509724,0.0466811649144031,0.0574781408556634,0.057924736589158
93,0.27787536224365,0.0233120127919461,0.015509978522619,0.00883469481478178,0.00249649678962604,0.490279727727861,0.0265626141290161,0.0448947989332059,0.110234314047294
110,0.729636531258881,0.00600530809858624,0.00660433352276181,0.00307294026972729,0.00213990404851038,0.00642717765811168,0.014581316087595,0.225431256930263,0.00610123212556471
114,0.192792378605627,0.100362236706299,0.115387458082053,0.0265377983319094,0.0241668672246866,0.0832317334376774,0.0613843506127161,0.261620836585391,0.13451634041364
115,0.789267090466578,0.00773978117441557,0.00510872519376562,0.00226509764397186,0.000716538579334394,0.0147150526764421,0.00709708803511995,0.0142089113645373,0.158881714865836
117,0.191445287562507,0.0309955716735434,0.037033484323233,0.0201418858323365,0.00119544478386706,0.0477508096512169,0.014813131995463,0.0103252978679615,0.646299086309873
118,0.152851719062929,0.0455081286680615,0.0349241278232445,0.019520696708845,0.00652422637375699,0.0548016931268999,0.0464796000177849,0.0634639186038664,0.575925889614612
133,0.111259878356506,0.0940266418081583,0.061784803827831,0.0303999055623679,0.0145416674302515,0.0568834535180489,0.1298082699696,0.458875666999877,0.0424197125273601
136,0.211253469165506,0.114633868139115,0.128989954672321,0.0269192114796007,0.00883482966935305,0.0924989340083711,0.167281047524165,0.0715742366133504,0.178014448728218
137,0.118710204793411,0.068323553002513,0.0425093412130804,0.0194608610209823,0.00948430710320591,0.0449282191484602,0.0943436837612084,0.550884646777775,0.0513551831793636
138,0.447478229676203,0.020377715907581,0.00659874096627511,0.00382087773291559,0.00211063000206057,0.00472838593826269,0.00157551752554514,0.00799020510756956,0.505319697143587
140,0.00952949396973192,0.327967887702532,0.465391038656502,0.14256807624177,0.00167039103698073,0.0133373542536631,0.0163098706635778,0.0137122437975097,0.00951364367773354
142,0.0946958365077141,0.27541421582447,0.149767530096815,0.113465659888424,0.0222222740417977,0.0838553750780327,0.0682233554071527,0.0749822078246605,0.117373545330935
143,0.276638084812328,0.101373702103148,0.088424240888068,0.0310508976108591,0.01012679511073,0.0598238498574683,0.0569944592040534,0.284324462244115,0.0912435081692309
144,0.254709733078307,0.0742715645572493,0.0552133659204117,0.0169555004647415,0.00518589430619859,0.0449059662265344,0.0447092735665982,0.0915756127756858,0.412473089104274
146,0.0724413626009707,0.0981912583193893,0.0634123230817553,0.0380732183031633,0.0120595768540277,0.138458842333028,0.0888590202996433,0.414342241339149,0.074162156868873
147,0.216842004587755,0.018649939042808,0.014385932378222,0.00777759496167534,0.0066109740831981,0.0411952379055364,0.0216885983210279,0.569055783632314,0.103793935087463
148,0.104792532448204,0.257702512811243,0.157709608740361,0.0423619950067413,0.141651009637019,0.0539080642543294,0.0676353796408249,0.114158749254946,0.0600801482063326
152,0.174119257675416,0.0205805474512253,0.0130502112676625,0.00559994970281624,0.00271998514449444,0.0163866333228972,0.0138421056950049,0.0336630345086066,0.720038275231877
157,0.0640705750619214,0.444136077722774,0.118314961525116,0.0459913832259176,0.0424477631476912,0.0466957322143606,0.0703988136753306,0.0834509386998229,0.0844937547270656
164,0.0997020395005636,0.139539492800569,0.0365333768293347,0.0175766358314749,0.00376965088684117,0.021430008506753,0.579670229237293,0.0728635931257034,0.0289149732814677
172,0.0167643154737254,0.339120486888839,0.411403375428463,0.061411076086916,0.00827115839646802,0.0261969577205417,0.0841120555077095,0.0349865688336044,0.0177340056637333
178,0.144854527109034,0.129936067542252,0.154420556292179,0.0445819754643681,0.0104279346233812,0.0731822351392203,0.0861189399821136,0.119080933443733,0.23739683040372
181,0.174393327579434,0.0379343232901976,0.0258173513156995,0.0148194736717676,0.00648913042490357,0.035893732842023,0.0214275393739043,0.0944565271531286,0.588768594348941
182,0.0791480508940561,0.0274579634884307,0.0336632537239614,0.0135238624192433,0.00130958242454495,0.0705675719089896,0.042828212756444,0.0136831307338589,0.717818371650471
195,0.223552176910323,0.0735086581836787,0.0378208839940002,0.0172631824824894,0.0245774094849541,0.0310075358561351,0.0371336380748619,0.361367407000818,0.19376910801274
196,0.453209635892283,0.0322484365019264,0.0180382816603054,0.00856563114678943,0.00710038138159368,0.0368433995652058,0.0274940062791854,0.0901722041683998,0.326328023404311
198,0.15520230901506,0.0195667631011203,0.0118899965807222,0.00810264117867392,0.00172132827199956,0.0204310380102438,0.0122783940698069,0.736820290028864,0.03398723974351
201,0.105571755272787,0.0213876159363082,0.0285091476803875,0.0110758470826807,0.00500816816601293,0.235758603268645,0.0491282517277971,0.52389647422918,0.0196641366362013
210,0.537289768147014,0.0103442143499272,0.00713800133365286,0.00651537354228875,0.00522602412127973,0.0286111857538289,0.0101135288845852,0.0798259383283855,0.314935965539038
213,0.241013460903525,0.0716366017154994,0.0442506487576752,0.0238265959027205,0.00994843132176808,0.080993023107069,0.0577985672939055,0.237000723246973,0.233531947750864
216,0.342950620764173,0.0152002668354512,0.0149202191669012,0.00270601609805181,0.000362380003683292,0.00249764541890943,0.00280331881147607,0.00599114023273175,0.612568392668622
218,0.189774973822007,0.0718191228812653,0.020646742353079,0.0115495083813117,0.0101455953769684,0.0721275664837079,0.0144866220050839,0.0392382558555255,0.570211612841052
219,0.185805169305955,0.131856326946781,0.0792186482875256,0.0386975281823217,0.0157740512414409,0.0892416292808523,0.115083326376474,0.200349930733468,0.143973389645183
220,0.325489394185523,0.0556084461955492,0.048234612603544,0.0107230241074844,0.00499908736340979,0.131659841037773,0.0221704986285069,0.0328484012962432,0.368266694581967
221,0.800179202860343,0.00836019747668396,0.00525205652507118,0.00218838547192955,0.000603038658071357,0.0283166390028097,0.0193166697514678,0.127216225304268,0.0085675849493567
223,0.207043461319263,0.022567276811524,0.0185780315531672,0.00513346078159847,0.00234218437910742,0.0226959767204421,0.0199576963212354,0.00801366862530515,0.693668243488357
227,0.736292085649049,0.0285693471206946,0.0241981989675525,0.0100026137803851,0.0021440231925183,0.034256632146075,0.0576582344729443,0.0432866359387669,0.0635922287320141
229,0.289203936664775,0.0443752215895066,0.0231422131920109,0.0123484868349193,0.00401675645726985,0.0519846088131488,0.0433551230287503,0.50583872981567,0.0257349236039491
231,0.670529687614092,0.00997878470919091,0.00673784481000649,0.00387389311954817,0.000988323199358977,0.0307286042631854,0.0461259376070766,0.147793034161329,0.0832438905162132
232,0.119319830810656,0.200660354538931,0.10265538799212,0.015801277013661,0.00839159970368735,0.030479613351094,0.0987306319251594,0.370820804833288,0.0531404998314038
234,0.206877147737142,0.108568392067605,0.0655593384593746,0.054384748485438,0.0287465728156992,0.142951698558661,0.065953003829947,0.118032855981466,0.208926242064667
241,0.276935932266733,0.0131133212366342,0.0126677436761471,0.00414043086150112,0.00120205089456733,0.0442325558716293,0.0168618109409831,0.0109289449727214,0.619917209279084
246,0.0203796424315236,0.358330083325715,0.262343944234219,0.180533959787061,0.00205482498081116,0.0299727680991741,0.0361165530553194,0.0206328158272378,0.0896354082589391
250,0.156938977265333,0.0547354671686263,0.0349810161927866,0.0164416966568059,0.0389924310924381,0.0478649729283247,0.040204779530603,0.0831576837900905,0.526682975374992
251,0.4132143512145,0.076354361218988,0.0501632776395298,0.0266774052580158,0.0257861465638018,0.0543558268448883,0.0941582222359667,0.215178405409199,0.0441120036151104
255,0.39647564626927,0.041267192738427,0.0266579590792167,0.0113118827760938,0.00840673792629989,0.0311039403424162,0.0344379658895308,0.0635062799446039,0.386832395034141
257,0.558215387005328,0.00399882107250875,0.00302303666526267,0.00287973668584819,0.000602118752462593,0.00461358939823089,0.0032238059516528,0.00539584899887267,0.418047655469834
258,0.563635385612293,0.00856905443183508,0.00517598387323276,0.00278037681311806,0.00258394468155807,0.0177829125512802,0.00830428364468156,0.368010067499589,0.0231579908924123
259,0.0821222780036665,0.0109892498174067,0.00782161964443152,0.00224647684764029,0.00415076444399768,0.00298130998731839,0.0017672686371681,0.00441489369530976,0.883506138923061
260,0.0128047858381427,0.00209081059183116,0.00264521220119578,0.000998282583380174,0.000971812985342196,0.961351132923483,0.00652890701941818,0.00970364693045602,0.002905408926751
266,0.219952152517896,0.0856289474658487,0.0590024975881876,0.0334089132525289,0.0127979306030874,0.0866737220335509,0.0674387557617783,0.106597573759833,0.32849950701729
275,0.241108810286696,0.110951606593579,0.0743467829452507,0.0426988106360055,0.0205823768692548,0.0732335093835816,0.0778517320734292,0.16205900306882,0.197167368143383
276,0.806769368983093,0.0108855572013057,0.00803894101326685,0.00290927469980343,0.00171330748869979,0.00881518877630393,0.0369078301629251,0.104362109183904,0.0195984224906987
281,0.372039996017761,0.0166764066584858,0.0156392910148339,0.00303023099718735,0.000397339045422808,0.00315611218916573,0.00327447963297271,0.0049661266438356,0.580820017800336
282,0.50895725708552,0.00830630274619926,0.00451107001153012,0.00446185144219702,0.000681342578978727,0.0998678560162648,0.0971265337752467,0.264949032807088,0.0111387535369755
286,0.708722513377599,0.00536838870458933,0.00366779318710716,0.00115334545327942,0.000334734031125468,0.00527144124666012,0.00743171270512051,0.0394686220297583,0.228581449264761
287,0.629448521442337,0.0247947191497705,0.0136939679362406,0.00818110456077375,0.00482867586740413,0.0234600424288933,0.0265671909174522,0.0237556690998996,0.245270108597229
288,0.0958394588491327,0.0829772872254466,0.0430546577764394,0.03677646027783,0.00761086920875758,0.480363310551165,0.0554052701651002,0.0708221050387534,0.127150580907375
289,0.755529274592418,0.0639027075597961,0.0204556114611633,0.0112352706184341,0.0171824908677172,0.0291013547175413,0.0200861727593016,0.0481047086710289,0.0344024087525998
290,0.685868536434819,0.0287180122601571,0.0203255545572478,0.0105123115247065,0.00307169637416689,0.0522603250538514,0.0642086983098918,0.0344039953397783,0.100630870145382
291,0.112666488809212,0.0916268857651355,0.0678145064844426,0.0611251279932478,0.0108494797510242,0.270148236864546,0.104201971694181,0.214008002469419,0.0675593001687926
293,0.646226056578101,0.0368907628530927,0.0218142594053944,0.00981423553965938,0.00345203810870811,0.0312774661250025,0.021808591329274,0.0471610409246866,0.181555549136081
298,0.129431814098634,0.0287378947623821,0.0183600167892795,0.00877630964558562,0.00277298800092896,0.0412466773970221,0.0283966334905572,0.0837606684153777,0.658516997400233
299,0.251759221888492,0.236027024462495,0.0686651568916335,0.0362410247787925,0.00591193248437874,0.0638649176497024,0.0275940048035569,0.127060524641385,0.182876192399563
301,0.619620699793494,0.0385659687457354,0.0196797598117252,0.00824372272018668,0.00436013107601308,0.0258410946047387,0.0192910647883051,0.0327927205630687,0.231604837896733
309,0.0762664838329475,0.463485776361691,0.104833545747275,0.0507608739695612,0.0352815849097084,0.0436783793005966,0.0659664759036048,0.0782519058161739,0.0814749741584414
310,0.391135035133402,0.0906985918007975,0.0464701669075254,0.0216614327313775,0.0106788489300189,0.0579721806435911,0.0570921742040217,0.0737220028008571,0.250569566848408
312,0.203620542131325,0.107278892497469,0.0246004214323729,0.0070137933456785,0.000479643904147817,0.0111546291296031,0.00608545858622065,0.00514667788697407,0.634619941086209
318,0.141197198317743,0.0705327558369517,0.0431768254077686,0.0283096182136453,0.0106992377630694,0.0834445621753884,0.0649701392316599,0.513579678274521,0.044089984779253
320,0.213153152570322,0.0329228028269797,0.0194169119498234,0.0216662896843234,0.00288300594645345,0.522304859078523,0.0249243596245914,0.0762347921986146,0.086493826120369
325,0.0665000122977091,0.0347755187193574,0.0177513844953815,0.0140466702951836,0.0020240083046075,0.0553934963268447,0.758151459507669,0.019780077076196,0.0315773729770506
326,0.130489132049912,0.193389170759311,0.0472208788086234,0.034913673193481,0.0503285365955412,0.0481441652448978,0.0365347681950535,0.350697506781021,0.108282168372161
327,0.0646962812925562,0.0324254519043633,0.0180676570075114,0.0157341687789458,0.00286384285193973,0.634236832380976,0.0370246627031473,0.108019097778614,0.086932005301946
328,0.0242211801076692,0.0170839263608938,0.00614937653070276,0.0156241705309365,0.000614419401275292,0.904712126615854,0.0097129058542139,0.0110594877140968,0.010822406884358
330,0.0340670345368111,0.0031243417908939,0.00188386401771676,0.00295219024797979,0.000633828243812959,0.933694828761708,0.00563294968677699,0.00762909621118842,0.0103818665031129
336,0.187230639208328,0.169615523245956,0.0590489955548378,0.0425211385819893,0.0232798884048076,0.199123647561126,0.0703199164145367,0.0950092541758308,0.153850996852587
339,0.0196980065361993,0.0132168824599822,0.00542966291209966,0.00322612375866463,0.0126897395904522,0.0118978052446817,0.0080332556447641,0.0105895509919734,0.915218972861183
342,0.285177667795629,0.0312092782997762,0.0401993711251877,0.0103666564207394,0.00465097157800736,0.170686291205202,0.116140764139586,0.154664136028264,0.186904863407607
345,0.172372104074834,0.125504768313835,0.0855739273633573,0.0269851482049753,0.00735824918314229,0.0662632445864368,0.154202766294638,0.241019001979294,0.120720789999486
356,0.03500394186375,0.49375334725952,0.325771901291338,0.078683443879907,0.0014064163727284,0.00926975929323997,0.0194068059142834,0.0117003460155024,0.0250040381097318
361,0.524488777192097,0.0959194387800035,0.0468679418727158,0.0276872672745797,0.0121934800639196,0.0573002211828987,0.0507957851303946,0.0788904151663229,0.105856673337068
362,0.472937770170664,0.00772894624489811,0.00299128343334091,0.00315350785616916,0.00203914625822332,0.00770932963880905,0.00612860447034297,0.0102012050601987,0.487110206867354
364,0.238164544289015,0.0640516526688217,0.0287926920758064,0.0337752971798385,0.00876426347910064,0.461124559939264,0.0343759634930965,0.056893486163675,0.0740575407113832
366,0.0884535263876398,0.0781365244283506,0.0227582166215102,0.022008024986064,0.00152911604867313,0.0256604212745301,0.0547837568280202,0.410360229195215,0.296310184229996
367,0.667325461742613,0.0472631570109368,0.0279289185427488,0.0127533672136531,0.00473429709864596,0.0541804781948223,0.0408824659878187,0.0857812226374702,0.0591506315712915
369,0.968900855072261,0.00067710063772541,0.000508045650467311,0.000148802910287305,6.78720563532472e-05,0.0156415722671227,0.00256886515915284,0.0068627905893833,0.0046240956572469
378,0.331148814493858,0.0297321950579972,0.0107794598683522,0.00810687222625338,0.00293656875954222,0.0189417700831375,0.011611030216847,0.0220923373990034,0.564650951895009
384,0.178743615550867,0.0508372594702178,0.024998103002652,0.0121159571705437,0.0108439757799414,0.0363333378731719,0.0294302925768182,0.60440285746628,0.0522946011095074
385,0.194404777847071,0.00512283265511979,0.00258733430959758,0.00125760074417061,0.00155796698178418,0.00439637725191935,0.00263216553198894,0.0261809131921429,0.761860031486206
391,0.0401590577010565,0.00514614672525272,0.0106207046202836,0.00536089483651255,0.000252351482333554,0.00462059370736259,0.00209409689979421,0.00973152611587543,0.922014627911529
398,0.167736555405262,0.0727217993170291,0.0503269086425499,0.0419017177834719,0.0216229968376057,0.141224186432529,0.0737793696042362,0.306848787295514,0.123837678681802
399,0.153162076876567,0.138532746532643,0.0701343457702685,0.0350887114137272,0.0162291329526503,0.0741425299181508,0.0977384285528612,0.348229696583901,0.0667423313992305
403,0.896551533165807,0.00418000182431387,0.0028106301530143,0.00121000253669289,0.000443389952359384,0.00652049051363526,0.031094945948463,0.0533156562851623,0.00387334962055219
406,0.258591348737534,0.0546497892635568,0.0328928727605254,0.0149027736344341,0.00586168571986281,0.0668541445207033,0.0804713224471787,0.152066067597078,0.333709995319127
408,0.816821513813736,0.0108152740759779,0.00709251115729589,0.00382214678243641,0.000666855673028476,0.0153228137815773,0.0377545557949603,0.101759061301016,0.00594526761997208
411,0.837035205623914,0.00797138914946034,0.005175964455401,0.00199079546143144,0.00040219459020701,0.0086399796629102,0.0108173071454461,0.103786464271682,0.0241806996395488
414,0.36588358354099,0.0389369519997709,0.0410891496217009,0.00924165655359974,0.00734404251761321,0.0227446798912749,0.104810549620301,0.382046344177393,0.0279030420773561
416,0.0303270817271513,0.00985540379848979,0.014852323528666,0.00510818035042316,0.00135158814017294,0.0542061245518725,0.0317703949283856,0.846187602323012,0.00634130065182702
417,0.141413018833154,0.271326245299849,0.0852569204786596,0.0385374960075683,0.00505461306911593,0.0437701057376556,0.036065852473206,0.049729228403114,0.328846519697677
419,0.694420369195644,0.0388673684171986,0.0211318246849706,0.0115039035153371,0.00188343480817489,0.022438376349709,0.0289885802636343,0.161601395285526,0.0191647474798058
424,0.0111507241773746,0.594827059478137,0.231582801493551,0.0888762456668446,0.0067138406639751,0.0148250156160811,0.0177795991508009,0.0178212891487178,0.0164234246045178
429,0.921433616921748,0.00192227668174279,0.00189510049476562,0.00307927139474972,0.000195692702442862,0.0479872636879182,0.00591842945894115,0.0151974909712107,0.00237085768648058
430,0.168511909636753,0.105559243996269,0.0619489087512736,0.06375200176574,0.0197671424690167,0.264294650434765,0.0644019423480724,0.123089837638237,0.128674362959874
432,0.220821182708655,0.0125048189949859,0.00980991868824699,0.0195603951679163,0.00335668336817855,0.200555941814516,0.0351743895138799,0.0280474630523521,0.470169206691269
434,0.219534872992744,0.105569731518584,0.0717692135330037,0.0285263418284419,0.00628250988388675,0.0853400935173674,0.117395532078081,0.307797491757734,0.0577842128901574
436,0.0355248370183604,0.00556431522202555,0.00465902220923761,0.00120072351431097,0.00144365694452614,0.00689988412147569,0.00908935747029579,0.930529350416734,0.00508885308303424
437,0.150044643386453,0.062814439579774,0.0775080310397265,0.022915268684005,0.00953824093617835,0.0758878765453469,0.156521589112416,0.201232842288387,0.243537068427714
441,0.701192271369386,0.0466242566416299,0.0250807006522359,0.0138758270681736,0.0126073692892683,0.0383256906291981,0.0275551668059853,0.0889374610164639,0.0458012565276593
446,0.501923608438253,0.0657230840673128,0.0449786645221573,0.0431307914572517,0.0078740143128972,0.0983553240841496,0.0668427877877694,0.0767070701110471,0.0944646552191611
448,0.592546521510898,0.0550169584666685,0.0309425194829437,0.0230522588227151,0.00652318130011292,0.0591102143098383,0.0573409553134521,0.0507085188289242,0.124758871964447
456,0.164214174758477,0.0887937270762049,0.0505585837554742,0.0242181221410874,0.0051420583747236,0.35760001551388,0.0473270790612259,0.0679126507221434,0.194233588596784
462,0.722459906460171,0.0645178166771032,0.0200814400034867,0.0140407020178976,0.00820489910419178,0.0267678368771379,0.022166852758583,0.0469291508912197,0.0748313952102091
465,0.366815062475742,0.0159929163071649,0.00614835716980161,0.00310825596459692,0.00136802030336551,0.0132702487758689,0.00941533733829742,0.0158390465030912,0.568042755162072
466,0.214257596374377,0.126657193921716,0.0519237041804376,0.0315934712771475,0.014743979730663,0.0896815407649083,0.0727938625177904,0.27957316719508,0.11877548403788
467,0.317926782763795,0.0343572939127663,0.0234052127397915,0.0156831578133965,0.00515946234262674,0.39700082937838,0.0506591364767392,0.0604896051108286,0.0953185194616766
480,0.0703873178681938,0.0118134763565348,0.00955129080474446,0.00593643709653914,0.00432991089330806,0.00753623159034334,0.00334034152241002,0.0133625446653959,0.87374244920253
482,0.0774173251301537,0.0650321545829563,0.0159591375030429,0.0139114218340936,0.0118731105453332,0.556805647320043,0.0172709545691593,0.0204703841389099,0.221259864376307
484,0.213408926095208,0.099090238619562,0.0702590286139435,0.0299323406695804,0.028332930870723,0.0614072596718393,0.223348302460869,0.20291842561532,0.0713025473829548
485,0.25547017827987,0.0279685399789296,0.0120310447906584,0.00483357384634368,0.00126216047882101,0.0986333479385027,0.0936602336077997,0.48878552109804,0.017355399981036
488,0.17399418253246,0.123805496195345,0.0693456850365107,0.0573959379217562,0.0212986517735943,0.223319903610862,0.0633726996685464,0.17908093951223,0.0883865037486966
490,0.196012876725376,0.0749319109228679,0.0276941074218719,0.00816129209934888,0.0014105764068528,0.0107873439834786,0.0107349877770174,0.374156831052061,0.296110073611125
500,0.221545917326137,0.00477772247551833,0.00449615164787026,0.00731544040348979,0.000497766213116796,0.0260399742400177,0.321674649546015,0.404159181303057,0.00949319684477839
501,0.19397339965798,0.137945141620382,0.0744825228694157,0.0428756080586062,0.0158112514596151,0.0713642975559927,0.0788135216098955,0.328298946228335,0.0564353109397785
503,0.464218885044499,0.0738744414512203,0.0371613493896547,0.0210979572019943,0.00849978741649884,0.0471851924248702,0.170026920129147,0.0749044491184658,0.10303101782365
504,0.471393902505321,0.0260515348218167,0.020179966504575,0.00637452225291587,0.00201893145999064,0.0222252313202264,0.0334862153517497,0.368601713226444,0.0496679825569616
508,0.429172508391159,0.0219031093738295,0.0125868615854008,0.0117798747388882,0.00430970726892376,0.0418737909297945,0.0176367983318866,0.0839027410997699,0.376834608280348
517,0.247430350484034,0.10046148367086,0.048463271155706,0.0352270142599979,0.00340823142762967,0.0560657235438159,0.132445394952246,0.0671907684236579,0.309307762082053
520,0.238870752993023,0.119623970216448,0.0664550960005563,0.049715210056328,0.0148964750212334,0.215155344765911,0.118523822528114,0.122854537131583,0.0539047912868034
522,0.0237152782078257,0.0912990565542884,0.0209960181037386,0.0490723046146364,0.00212386295125246,0.719005310077431,0.0152658362138918,0.0188701190449417,0.0596522142319942
527,0.354552064060947,0.0204764790790963,0.0126473627058654,0.00408923920169123,0.000168560597402396,0.012274741246396,0.080773870560456,0.47807107402114,0.0369466085270062
532,0.286967083507006,0.0232686888163445,0.0239214052226928,0.00895771337387185,0.00336871632951629,0.409845842394058,0.0450113151478292,0.15989208354996,0.0387671516587214
535,0.114304006134234,0.146976384405234,0.0907988561416829,0.0459716500884122,0.00941741518295934,0.132982596683286,0.093798974736016,0.320658988385306,0.045091128242869
551,0.85382817810874,0.00824670093960134,0.00522974679263477,0.00290243085074194,0.0012679026591442,0.0105238743596587,0.038677356310992,0.0733018386816441,0.00602197129684298
556,0.71784956829272,0.0188962809719802,0.0127560228595487,0.0065225986701085,0.0019522180763832,0.0207613222225727,0.0283692519431663,0.0800938332976466,0.112798903665873
558,0.570913970686793,0.0532886948906612,0.0280125350382478,0.0178665759269841,0.00743296658759425,0.0318000196270978,0.0417518972439637,0.180272338885518,0.068661001113141
559,0.589653628853968,0.00699823233403895,0.00352826235662078,0.00180052393487503,0.000541651431990435,0.00645577301039438,0.00992090767484273,0.367470669640207,0.0136303507630631
563,0.169018295244297,0.458455815370827,0.0947533944551967,0.0418031558010853,0.0202966137332798,0.0334509932179129,0.0465701877690528,0.0993451963055554,0.0363063481027939
566,0.731070447440751,0.0207472829633599,0.0141613271197831,0.00571137967807251,0.00232062687337362,0.0152741972104473,0.018311746005701,0.0305995015124933,0.161803491196018
567,0.769881024638689,0.00975833665493136,0.0104319092809034,0.00299345492526161,0.000918805806359144,0.0159095239453012,0.00865649561916333,0.0144796959938156,0.166970753135575
569,0.0646807326061757,0.00401925289350712,0.00396625998987023,0.00667424485118874,0.000261520918548996,0.022300034582376,0.0021098340589596,0.00303793459450288,0.892950185504871
571,0.255789920758151,0.102133303683892,0.0375250792069552,0.0150263206211728,0.007004244510027,0.0482216293287305,0.396402345246069,0.0898504980505885,0.0480466585944141
575,0.0567739713055212,0.074800386435789,0.0287797956449557,0.0244235899729255,0.00743837314318195,0.0279877552733213,0.0245484066698098,0.0553076762252604,0.699940045329236
581,0.190388636283945,0.0373497495925055,0.0229327298252128,0.0103874803799554,0.00419045356134195,0.050905545153408,0.322099883885879,0.123690000847661,0.238055520470091
582,0.473896470789701,0.0462749671090418,0.0272211751080623,0.0139930548601421,0.0268526345619833,0.0808024231920255,0.0512198911006823,0.172509966975412,0.107229416302949
586,0.381827176310473,0.0357543019364495,0.0326248406340103,0.00912241821231214,0.00211228475440931,0.0526226775012024,0.0351910176501672,0.417223107404333,0.033522175596643
592,0.377589713202847,0.00425713106320128,0.00202184822036276,0.00103689860672382,0.00121103447471262,0.00375358133198331,0.00261534933679127,0.024755105349612,0.582759338413766
595,0.927811673124924,0.00168964037896364,0.000488596598833337,0.000389569857860012,3.25035984090678e-05,0.0444401552718202,0.00360575673089716,0.0193387485445634,0.00220335589372822
596,0.10640074386296,0.232466290505167,0.0992129481279119,0.0474609434643715,0.0158648344353548,0.0636799731166366,0.0640250725443512,0.0601191302249654,0.310770063718282
598,0.8088508396893,0.020861874759323,0.0119630651135311,0.0115637104923605,0.00940804494991414,0.0141172919094332,0.0344317109929137,0.0393674777548084,0.049435984338416
602,0.127326911860746,0.0143752048090224,0.0345672100296444,0.0338163144359252,0.0685439848677568,0.0726118587478636,0.230797329170063,0.324625145559241,0.0933360405197363
610,0.456379876269407,0.00841991912077943,0.00937794118530042,0.00181074339539547,0.00012721704550832,0.0399106030023368,0.452107469905697,0.024004136122582,0.0078620939529935
613,0.542898328686712,0.0718082883267173,0.0376219633633867,0.0223635390341564,0.0122877484453797,0.0533783414826392,0.053239662766503,0.0622046905905469,0.144197437303959
614,0.161732015040615,0.0967676426503796,0.0571063451848053,0.0302155554436368,0.00950139916350619,0.0921960403646477,0.183944865090614,0.321784480174138,0.0467516568876581
617,0.513928533036553,0.0135520586770233,0.018786168999486,0.00555951992565055,0.00111569490133316,0.0776364137048985,0.0207184718928297,0.332711997650659,0.0159911412115677
618,0.129301139042122,0.00662185603258053,0.00665085505695536,0.00394578897533067,0.000460869589029217,0.0520710000364829,0.0368552579806694,0.744588639534127,0.0195045937527024
620,0.613380489700902,0.0246390126098572,0.0162526353138144,0.00813578703000512,0.00760827257453785,0.0245395344566723,0.034650035092927,0.241460555779342,0.0293336774419415
623,0.0876098052562034,0.0515776676475934,0.0225186697836956,0.0127075118453171,0.616234219875322,0.0301442607878983,0.0287473845378153,0.0807978334991402,0.069662646767014
625,0.211827914802845,0.0128923865044855,0.0168099938850762,0.00999786124594685,0.000590927612558061,0.156715630133,0.00340617436863001,0.006515382994598,0.58124372845286
626,0.00441606338279617,0.00477439317614477,0.00225781847876104,0.00326110299190975,0.00264268887480607,0.96768286318472,0.00323377830534751,0.00526266289542843,0.00646862871008632
627,0.192147021999951,0.00541880737054882,0.00347239681283885,0.00156632343499633,0.000710945198792817,0.00849075729776048,0.00677311453407157,0.0219447647097949,0.759475868641245
630,0.168097531960485,0.103083635371376,0.0627059153143382,0.0473578038750676,0.0200047645391563,0.062373977777318,0.0774458929010225,0.403154281689517,0.0557761965717193
631,0.252068968299527,0.102191683736792,0.083599452353911,0.0348332079496273,0.00772003447442186,0.0929612935849235,0.0603390951074548,0.132502959322727,0.233783305170616
632,0.23997385361076,0.1388173451071,0.0531233026481435,0.0232135992151859,0.0119761855423197,0.150785371047743,0.103341058668277,0.210127398838989,0.0686418853214821
634,0.161842375977243,0.113874030917184,0.0533799376209707,0.0266914112067094,0.0032202049343283,0.0658920530402981,0.481483075277774,0.0508497153401668,0.0427671956853261
636,0.0791825571394025,0.407294077270065,0.15293611658266,0.0503443593066112,0.00789242543613052,0.0611895691723527,0.0876925730543984,0.0689093437451663,0.0845589782932142
639,0.623353947096495,0.00599094991460653,0.00950994691263771,0.00168890110522945,0.000213946721612419,0.0097789356935959,0.0216451783523018,0.259418294940933,0.0683998992625884
641,0.84547529811951,0.00306301111371,0.00448505971212596,0.00377920412157164,8.13241118586243e-05,0.0405256657292009,0.0144589871243046,0.0843735257314221,0.00375792423629542
644,0.2155465693858,0.128182430914055,0.0807440940927262,0.0485454647050636,0.0602322803966633,0.0761808271078711,0.135228652000097,0.196311217776067,0.0590284636216569
648,0.0544865044280078,0.327998931598821,0.180807592011849,0.0441323231923242,0.003252102634762,0.0397882665752416,0.0411252674087862,0.0190884770420607,0.289320535108146
649,0.137044103306086,0.173376966899812,0.209844411819025,0.0902713419374839,0.00578165444735709,0.143016252775402,0.124886915619177,0.0630390953841386,0.0527392578115186
652,0.317976695574347,0.0300668692372839,0.0208848092670901,0.0113851240151217,0.00811080001217824,0.0565529971978565,0.0182833783574022,0.46071278014914,0.0760265461895804
654,0.731893695487505,0.0242155195299075,0.0201797836753819,0.00761852427679842,0.00398165030357796,0.0245905764004655,0.0317118041486668,0.021456001774965,0.134352444402733
656,0.0720123506554592,0.0561732233483063,0.0315552247399023,0.0210347272629187,0.00427649790298588,0.0428528679786671,0.550171053393869,0.199046319693386,0.0228777350245054
658,0.282853414827604,0.0476692917853166,0.0399669683160914,0.0119450808296357,0.00558628340833645,0.0354243600791028,0.131368382106049,0.169498916204886,0.275687302442978
659,0.166632375665793,0.0586140026652906,0.0471981407095809,0.0113846427932528,0.00520341638518033,0.0592393976692269,0.0320912916690916,0.375816628661445,0.243820103781139
661,0.689360757966167,0.0640753128727182,0.0254855106465861,0.0112674529261116,0.00563766124854995,0.0249327525113423,0.0179554271870627,0.0526199086459655,0.108665215995497
663,0.730364045099332,0.0450810248824064,0.0262162010913595,0.0120199678706206,0.00726032390964153,0.0354059661624163,0.0347984462290709,0.0487546068279081,0.0600994179272442
665,0.141939738903521,0.181631092040228,0.205111092461754,0.0619133767168819,0.0149185904552686,0.0726631534889832,0.0818509530803515,0.0811718433093708,0.158800159543641
667,0.0640424471093303,0.0872672900883027,0.0533286723190235,0.017509113463113,0.0200589698828319,0.0657987043680795,0.236963997349784,0.333031430682287,0.12199937473725
668,0.0597528587598863,0.00359957353132515,0.00209692256015185,0.00108982722073596,0.00194804736816873,0.00381970846292448,0.00266106481742814,0.00449657578522644,0.920535421494153
670,0.335760741419578,0.0257120733117879,0.0196403972085446,0.00832670172154122,0.00269376377525631,0.0810663540438366,0.0148220791810696,0.35640853105538,0.155569358283006
674,0.190098720924556,0.0585629818978052,0.0412399860073346,0.020520003557045,0.0155413437014763,0.128835522376467,0.0459604619519861,0.356483295677483,0.142757683905847
675,0.158940372411609,0.123157020193162,0.11747833846998,0.026247321677549,0.00925972061698547,0.0682078241932734,0.0568825032736004,0.0628548655277832,0.376972033636058
676,0.246446577525171,0.0841436877563073,0.0444953338419414,0.0431354694267743,0.0362685440061454,0.0747943976809008,0.350606093775373,0.073530967806747,0.0465789281806404
680,0.0861526068507626,0.0162543556887452,0.012394592891713,0.0519578271932754,0.00134563421157655,0.435953359625414,0.02862804716812,0.0317211417212609,0.335592434649133
689,0.0582040700598374,0.283835809861115,0.102879767763618,0.0761484029571911,0.00628107244384232,0.221591265545732,0.0525734292965072,0.0783253666336139,0.120160815438543
690,0.487378571870401,0.0142717244614323,0.00933640103630307,0.00472662471374778,0.00133831031649249,0.0262012645530254,0.0236438821765673,0.126427749097283,0.306675471774749
698,0.350607143119975,0.108559391789996,0.0632726510031724,0.0299203700654167,0.0355634163131905,0.0743794468480322,0.0766448286524895,0.115198149644233,0.145854602563495
704,0.207337593808603,0.0765292516545763,0.0413214743187615,0.0329810750259872,0.0178947670561165,0.439967443100425,0.0711748112744534,0.0743987121365531,0.0383948716245232
706,0.253013897570803,0.0687337719906788,0.0555698204275004,0.0156717153268966,0.00379879724538135,0.0407114030543485,0.106352592654842,0.344260026780787,0.111887974948763
710,0.410032834737454,0.067075760975282,0.0385096955234298,0.0182756270334826,0.0151935410250432,0.0444576772187338,0.110113518510356,0.210102759934148,0.0862385850420712
713,0.833337118316791,0.0205592718040903,0.00894889766569592,0.00486939854175602,0.00857941436212258,0.0415585684818698,0.0113559252543039,0.0437654952581527,0.0270259103152174
715,0.0198548849272103,0.00610223503202938,0.00464377292843102,0.00228579545540546,0.000272899103787155,0.939092355477958,0.00771278800509184,0.0155867912311776,0.00444847783890859
723,0.0804512709438919,0.0379737727568071,0.0228300249753329,0.0100032469037095,0.00201086850743502,0.0182721859719101,0.070860946824021,0.0351933532180229,0.722404329898869
728,0.385065602163327,0.048078069207346,0.0368796456302069,0.0134415865966423,0.00183064949672226,0.0266472046768364,0.0292449734499865,0.443502204552554,0.0153100642263792
731,0.235501177078432,0.0510478897349539,0.0302335393719768,0.0142358155709116,0.00516791692677597,0.370137817870666,0.0523727545051458,0.101026693614844,0.140276395326295
741,0.0346147964372865,0.448359399264906,0.234395164180264,0.0968608139377026,0.00637204812199228,0.0285571641693516,0.0882763814178701,0.0346294628481468,0.0279347696224801
743,0.35502270984361,0.0351378608818933,0.0287876771644509,0.0134240390726473,0.00417159346425731,0.0953836289972344,0.0403294308859224,0.0576507261027039,0.37009233358728
744,0.086643695558373,0.143590479753089,0.328012792125343,0.12619230970557,0.00934956787960319,0.109830655317917,0.0957907471563912,0.0600896463676884,0.0405001061360246
745,0.212861763429747,0.169824685588807,0.143421076760708,0.0466296853477184,0.0197044288366908,0.065687637971822,0.134385796076124,0.135405837724877,0.0720790882635054
