id,Class_1,Class_2,Class_3,Class_4,Class_5,Class_6,Class_7,Class_8,Class_9
3,0.452168334648682,0.139884204106215,0.0566925743589363,0.0350300845821119,0.00820507302017505,0.0562880694374562,0.0777195100374049,0.0828759809394108,0.0911361688696069
5,0.58846793640972,0.0299367154536248,0.0220338098487299,0.0180481509983651,0.00305068211911257,0.0388837495498282,0.116835149319725,0.157384773936529,0.0253590323643654
8,0.0901772079512006,0.218067095213428,0.0775208592536298,0.190681031535605,0.00902600845731861,0.193282323683272,0.0746965749372238,0.0938251113430313,0.0527237876252905
18,0.0187256059661781,0.168297727268365,0.0354679759915363,0.0314898083502341,0.0022257104678075,0.679945614222659,0.013911797326564,0.0222249661613255,0.0277107942453296
19,0.428228206955674,0.0366627609639462,0.0239826443298923,0.0125994891905262,0.00316993834064895,0.0524212720084166,0.0805709452463191,0.323165576872731,0.0391991660918455
21,0.411459472571698,0.0550209393758055,0.0338868541507298,0.0348386898825118,0.0112019453059039,0.112119535890268,0.0612955249126015,0.0647065101559253,0.215470527754556
22,0.164266802155948,0.0448453028154117,0.0317848597361252,0.0208316700630561,0.00465878420427543,0.030261441906824,0.0310686872434159,0.0696817966605144,0.602600655214429
23,0.350762848788969,0.0868376691225415,0.0535807162849295,0.0319148182250981,0.00785345591436683,0.135185683016868,0.0535718346991299,0.0813312077094476,0.198961766238651
27,0.0490385349367429,0.012927756096556,0.00593907468627965,0.00793824681915725,0.000985682166069182,0.00569136022078114,0.00912653779296976,0.0268495073901189,0.881503299891325
33,0.678230765937982,0.0453024795258636,0.0279526077450763,0.019557759894859,0.0138092333844955,0.0841778605014071,0.0274378184531378,0.0544957352570559,0.0490357393001229
35,0.583650249796784,0.0254155509469372,0.0151591176046105,0.0134309310459332,0.00222190873999189,0.0144325556431276,0.0210689464490372,0.312836122322373,0.0117846174512056
36,0.897522610948433,0.0123659352895983,0.00677939941834793,0.00407466417943947,0.00333498916629291,0.0100002236592585,0.00977374382899209,0.0105748017919145,0.045573631717723
41,0.193544068606271,0.0376326329425274,0.0163377528702248,0.00671823636044892,0.00175569081755972,0.113806606995392,0.0818811554345758,0.53095549829571,0.0173683576772904
42,0.0972336422043252,0.0616243771507367,0.0394305192193811,0.0244740410162579,0.00566974843877684,0.61002007221723,0.038542075681401,0.0622333146038143,0.0607722094680775
45,0.10197185097599,0.102078015832431,0.043265123706145,0.0187318799492676,0.00465917165918821,0.0412270738473761,0.0301810671131153,0.565395717293183,0.0924900996233041
47,0.43431215504109,0.0815707751805507,0.0442441405854944,0.0227624596408004,0.00638922431865883,0.0590402730318568,0.0586934237641778,0.074554776320644,0.218432772116727
51,0.418230470356669,0.0170597894790102,0.020263632212945,0.00336847369008434,0.00072834370605927,0.0289847085630094,0.00555909016425623,0.491140115534753,0.0146653762932135
53,0.108421339331211,0.120314726237395,0.0586426583418733,0.0270729044993843,0.00511744352571542,0.0377564879667524,0.0359007479345511,0.373966507422132,0.232807184740985
61,0.189287112961309,0.0615120130004163,0.027277685771326,0.0126539164737996,0.00204650860098497,0.0573156667592495,0.0179142805188949,0.585909136789841,0.0460836791241786
64,0.767094228859743,0.00798522923778299,0.00452557742835582,0.00222222857268241,0.000632184746511874,0.00449328716172021,0.0199474462956881,0.182307121839957,0.0107926958575586
65,0.0987328006001571,0.112205531767995,0.0792309296471734,0.0850839736503825,0.0117578409948542,0.181523982040888,0.10698062299646,0.26398627596878,0.0604980423333114
71,0.12376310251745,0.188403028699433,0.118818749614386,0.0727498288323357,0.0164510013180864,0.106987143450692,0.123133957269126,0.164272466209209,0.0854207220892809
74,0.319848764462771,0.0550089521401752,0.03116872685058,0.012278130403573,0.0033776079455614,0.0418883438254552,0.0215903337215712,0.114502288382167,0.400336852268146
75,0.321530824883202,0.051893320701199,0.0309707421900398,0.0152077981873998,0.00453400167727223,0.366354829744215,0.0354548182328595,0.0452745473008592,0.128779117082953
76,0.111252628041739,0.111369461174467,0.19762270180291,0.0476069704315572,0.0104454710680446,0.107931043448833,0.0969017461231338,0.164951605744635,0.151918372164681
83,0.108443583502705,0.0602918758603471,0.101009968404026,0.0227569556506864,0.00506540701283389,0.0341545735076273,0.237247786310067,0.372999580437676,0.0580302693140312
85,0.0499388671620272,0.0462603423827377,0.0285436298037363,0.0140159948033365,0.0162640193630519,0.0373145163661989,0.175210711403561,0.594495671217742,0.037956247497609
88,0.470301748475585,0.0333147607887933,0.0229348751845564,0.0112618855279519,0.00329782552564676,0.0227712334732637,0.024072346516267,0.376175214187986,0.0358701103199504
89,0.225639631807172,0.0471516992669188,0.0532722092343278,0.0152514322384596,0.0126513441755155,0.0314717696815109,0.148965534826709,0.162524069353983,0.303072309415404
90,0.646328886169269,0.0474751405351226,0.0397278904467857,0.0146286991413094,0.00910412415243844,0.0941603335913918,0.0488564542581126,0.0524189345090707,0.0472995371964997
93,0.263610490344812,0.0262191094379433,0.0179623007343058,0.00999439730491227,0.0023885320734088,0.509716397214767,0.0212572936839426,0.037615088425065,0.111236390780843
110,0.7831414507455,0.00600443564483384,0.00478970691957616,0.00297721316716061,0.000652138382084772,0.00431276261494527,0.0126300622141768,0.18143750336643,0.00405472694529326
114,0.196460028229841,0.105839084124013,0.12571373724869,0.0301883858786325,0.0258554748657307,0.0724583446817996,0.0666698614867334,0.256111306856212,0.120703776628348
115,0.830367237920234,0.00882669590834582,0.00532549661950662,0.00264570067809791,0.000806927966595742,0.00710645003575874,0.00623155868129601,0.00894139250839974,0.129748539681766
117,0.215630325458226,0.0326014665620654,0.0369127456960578,0.0225422327400488,0.00143245305381674,0.0506586669661286,0.0139071279371324,0.0110350893735158,0.615279892213009
118,0.15698129334917,0.0476479858916155,0.0393821374565355,0.0229094297361417,0.00549473896216378,0.0504838899703353,0.0480946883379041,0.0651525035088481,0.563853332787286
133,0.115165944820952,0.0860177728444878,0.0561627296372015,0.032536983589921,0.00778534384674191,0.0505702175101008,0.131430450063115,0.479954262400041,0.0403762952874396
136,0.210898493644052,0.128056197630713,0.146274352603325,0.0315302740616389,0.00984325836413763,0.0763221757075397,0.19466752417364,0.0724915993348098,0.129916124480144
137,0.114298326524639,0.0703993872874633,0.0419897484579921,0.0220159722099054,0.00586561138445867,0.039977220103932,0.0869743072024238,0.569519354204944,0.0489600726242417
138,0.495628670108046,0.0171980480991632,0.0078907847639621,0.00276504322120743,0.000712745922009446,0.00470040733390689,0.00172104530652749,0.0045669133330996,0.464816341912078
140,0.010409116736599,0.308996089031328,0.482912444764265,0.145716736353864,0.00166759052528204,0.0146038654661463,0.0129766070374084,0.0138294598554269,0.0088880902296809
142,0.104240061624596,0.27231052606249,0.158008524641186,0.118164237529903,0.023225630247213,0.0792613103609955,0.0685426137249629,0.0672563613645939,0.108990734444061
143,0.283267533603533,0.0930734723554228,0.0921300928971091,0.0340267753127531,0.00806187108491051,0.0524294261221685,0.0538280180950039,0.294656905496749,0.0885259050323502
144,0.244031665880769,0.0819671094567497,0.0619226872195868,0.0200463162030652,0.00580614339719362,0.0405331190239761,0.0480415347805793,0.0782712934044296,0.419380130633651
146,0.0732312684887468,0.107435729109141,0.0703056692787855,0.0430464503504183,0.0091120617717634,0.12496682844224,0.0935118227205126,0.413149568404355,0.0652406014340378
147,0.203943671221315,0.0204699630004296,0.0168092136762606,0.00918111952190552,0.00253115748936232,0.0264447797113776,0.0243057985599807,0.586026789565871,0.110287507253498
148,0.0981476081144442,0.27178420047581,0.162808241704342,0.0470352773777824,0.162362891009159,0.0524752615381198,0.0653287653389527,0.0901756995861768,0.0498820548552136
152,0.177222367447145,0.0208966823962271,0.0134934985170569,0.00649238410832212,0.00188492718876387,0.0133972215950816,0.0145353083262781,0.0281035105101916,0.723974099910934
157,0.059580114135334,0.456778653933072,0.12447415729655,0.0506523247228909,0.0303545599179822,0.0440179077744372,0.0679127196265583,0.0790785788018669,0.0871509837913081
164,0.0864251613340331,0.145691033157407,0.0383753931846328,0.0162640151834437,0.00445753648028555,0.0171016855863013,0.599547845509996,0.0644573370822476,0.027679992481653
172,0.0167752511675802,0.330995160874841,0.417899842653443,0.0514022446283615,0.00977121252935648,0.0273131757584129,0.0887955619412292,0.0382368113279384,0.0188107391188381
178,0.14376621004976,0.128143516400481,0.16921717335681,0.0488444311769475,0.0102258769612606,0.0704838306975835,0.0909130948328507,0.121844047874614,0.216561818649694
181,0.16935691728378,0.0413494764237285,0.0304243927688817,0.0174294596081875,0.00420244754193801,0.0319030307512205,0.024253653442038,0.0818243703019943,0.599256251878231
182,0.0609889173345778,0.0289934641121614,0.0373364696313691,0.0137603685486534,0.00155855798340755,0.0528906643706548,0.0397412814755875,0.0132707345597935,0.751459541983795
195,0.194862523727654,0.0821668672657344,0.042331902824592,0.0186218924852077,0.0275050346675989,0.0314518882414655,0.0330950199960127,0.385575799695745,0.18438907109599
196,0.476195691657901,0.0340568038434248,0.0190892026814859,0.00937351582203191,0.00276608991185779,0.0232023270253123,0.0260243342871982,0.0778293132015357,0.331462721569252
198,0.163669874711628,0.0212727842689447,0.0101755600315967,0.00588677289551785,0.0020655939261535,0.01835931901692,0.0109608745864388,0.730805880970545,0.0368033395922554
201,0.0964432163103923,0.0210255035338153,0.0314029172789259,0.00865871968832806,0.00598767665721811,0.16708610237864,0.0476951273959285,0.604501693923258,0.0171990428334936
210,0.553805073163402,0.0112739953831972,0.00798786948323254,0.00778691334045075,0.0038747987599518,0.0208099785690656,0.0103563122996619,0.0709196386385371,0.313185420362501
213,0.248557880216219,0.0824286758176721,0.0508064122631668,0.0266757746739631,0.00769827076546719,0.0756114022238935,0.0601064513970197,0.209060367931869,0.239054764710729
216,0.360200415613076,0.0182009373928209,0.0152675933376831,0.0032110913432015,0.000430756675490269,0.00244720185252376,0.00254359867226359,0.00313386828177538,0.594564536831165
218,0.198049047104919,0.0737788107294616,0.0245123243472842,0.0136454425436906,0.00882961379695793,0.0706177045871951,0.0162798058244156,0.0375569454337967,0.55673030563228
219,0.154222423674798,0.130417106076937,0.084948334141376,0.0445399230149073,0.0118665611042882,0.0901987160715476,0.12187321878066,0.20531291045485,0.156620806680637
220,0.350896866687944,0.0643156057849685,0.0559300870362344,0.0128078753864404,0.00343480550059292,0.142701111742014,0.0244139542727168,0.0329579006705912,0.312541792918498
221,0.860701058988255,0.00852104702228921,0.00527365687236514,0.00262411592829463,0.000723574266846124,0.0226465827665434,0.0117218929431841,0.081514421369101,0.00627364984312193
223,0.187559007646791,0.0146753174336174,0.0170639105487236,0.0048829542149092,0.000888272411844971,0.0182502758041191,0.0161780555311556,0.00660230982310886,0.73389989658573
227,0.776914430464637,0.0315782258660069,0.0276326845601421,0.010597614767086,0.0025417973051876,0.0276468228616384,0.0406925163972988,0.0336968805242587,0.0486990272537444
229,0.303229754405496,0.0485841847359953,0.0252620762254101,0.0137980363426835,0.00370272395924342,0.0474784077965172,0.0369990943504365,0.500734742656521,0.0202109795276966
231,0.688010679150425,0.0114527624477484,0.00770817281115262,0.00458892952353956,0.00116828335841204,0.0277848055194822,0.0463326414670794,0.133769634702331,0.0791840910198309
232,0.0726695545400987,0.23572573508639,0.115146504478318,0.0189533859043728,0.010068011899686,0.0280994841743974,0.079484782201205,0.384836396420935,0.0550161452945978
234,0.180160340736045,0.119767949515691,0.0762546313876079,0.0635491415255662,0.0111768268024687,0.143315555423441,0.0728788274478795,0.123847975998261,0.209048751163039
241,0.284942043061546,0.0140806133927168,0.0140945807764358,0.00488665053772578,0.0013706646268061,0.0380523795662604,0.0137492271493474,0.0105260630926057,0.618297777796556
246,0.0230523965776419,0.363773469934178,0.250888229360543,0.186491210245596,0.00245384501584932,0.0345761397098317,0.0310081312899678,0.0230811551238292,0.0846754227425631
250,0.13363268747453,0.0586419821369787,0.0404192994744836,0.01944770789028,0.0434607380548229,0.0454245557748145,0.0454982237973862,0.0713102407112115,0.542164564685493
251,0.417309317208716,0.0853498331093508,0.057886320286872,0.0316172567898075,0.0286963460328951,0.0551118844979535,0.101355613190632,0.178670973844062,0.0440024550397114
255,0.421174996627119,0.042173851851317,0.026872361428678,0.01292961140301,0.00375384075665594,0.0255843949296676,0.0344839616336867,0.0589121500112451,0.37411483135862
257,0.625125319807237,0.00363605503270712,0.00270337086841798,0.00192728003297015,0.000391727565153555,0.00276826048791776,0.00270292275532841,0.00407909936389615,0.356665964086373
258,0.540386788808177,0.00834008730562865,0.00564607651210538,0.00296445779419991,0.00253506943460558,0.0105220592789246,0.0066817891736224,0.403786913670217,0.0191367580225197
259,0.0914928703524546,0.0116861608798373,0.00609042496537586,0.00268648916099744,0.00307202784125725,0.0022546240528532,0.0019218230315996,0.00253258505521683,0.878262994660408
260,0.0104581031286312,0.00232214676546637,0.00138283814515945,0.00116865453407408,0.00116616220273472,0.975817815043942,0.00282932960036436,0.00271137904106943,0.00214357153855815
266,0.216908304932318,0.0970111029173387,0.0675567391459708,0.0394548781751446,0.0105162961523841,0.0864451068525024,0.0732278448564516,0.10956993987782,0.29930978709007
275,0.254067023439888,0.115195380456049,0.0786511344382467,0.0471864061947271,0.0108896106086941,0.0708192960287268,0.0833725819700278,0.163072724713811,0.176745842149829
276,0.832320558138737,0.00962230967517499,0.00893602763630163,0.00315296993586198,0.00173226374137232,0.00865881488814812,0.0338848275855951,0.0857060919788244,0.0159861364199841
281,0.395257762682936,0.0199723861516761,0.0167535475325155,0.00340639034894075,0.000472681075409737,0.00307014321363538,0.002791160356245,0.00319486789329883,0.555081060745343
282,0.507952138230827,0.00834997805857852,0.00537645863965331,0.00380102357743376,0.000817494053988544,0.0984981078816822,0.105704009754944,0.258049115784625,0.0114516740182679
286,0.740158568883745,0.00433482888849305,0.00261537463525643,0.00134554222983631,0.000396285846578769,0.00366688611125997,0.00454376398186191,0.0177677374520015,0.225171011970967
287,0.67612928827468,0.0247796541503014,0.0137105259228623,0.00877415319575112,0.00200717009457183,0.0136127004973177,0.0213459622932266,0.0200427180790622,0.219597827492226
288,0.0893822732062717,0.085594834256856,0.0473594258750963,0.0384683736548383,0.00693324412552803,0.482513295298501,0.0551276712161319,0.0692323275227532,0.125388554844024
289,0.806540279453955,0.0418376220117286,0.0224336846728871,0.0120064265156625,0.00903888468360606,0.0213584596918325,0.0185171677127199,0.0424934409816965,0.025774034275912
290,0.709470872602183,0.0311220115463374,0.0218325842500201,0.0125244033847173,0.00299554872916478,0.0424841805318699,0.064478148798923,0.0342535454449822,0.0808387047118022
291,0.114944063856551,0.0927669062604293,0.0764707993488154,0.0681810499062692,0.0107633834092112,0.292718989634568,0.100221189092509,0.170426080488538,0.0735075380031093
293,0.6885586449871,0.0373153667309459,0.0237581886194762,0.0114312300876326,0.00348229549482055,0.0235886725173993,0.0199402083883304,0.0385865556014636,0.153338837572831
298,0.127003211336136,0.0330586653438359,0.0209187079367326,0.0103923903679565,0.00311322666399829,0.0382923998594556,0.0311246724637927,0.0709942114888896,0.665102514539203
299,0.218692684650284,0.264251073234813,0.0753128958479773,0.0367560628672491,0.00410611538022278,0.0608278531343128,0.0288141081499688,0.121624640638088,0.189614566097084
301,0.663870628367525,0.0384664480134307,0.0193814961094059,0.00932538860675391,0.00283737907631908,0.0192432079711346,0.0169294649947318,0.0300819561926772,0.199864030668022
309,0.072042205476429,0.474879017215293,0.106029624814539,0.0560242655348673,0.0293127627488957,0.0423210323983726,0.0665392486804645,0.0757463690390321,0.0771054740921062
310,0.416122928365332,0.0922404429484732,0.0510364259529407,0.0250608029131477,0.00747154328600595,0.0506722779898933,0.0586626826226535,0.0746075462672096,0.224125349654344
312,0.149652021397257,0.115250824520031,0.0202241065296998,0.00632831819063962,0.000568779901290274,0.00756548398889694,0.00606164399535995,0.00472362591348689,0.689625195563339
318,0.137911162661348,0.0730916972368934,0.046268700150937,0.0302913118205819,0.00650456485328021,0.0655385440592456,0.0605337873222568,0.545473736269141,0.0343864956263154
320,0.201989772012678,0.0377363104335291,0.022454890050603,0.0193612920786704,0.00328731253928877,0.541682520595783,0.0215062042718789,0.0763644386272614,0.0756172593903075
325,0.0652824744507763,0.0328527550759888,0.0155968570398702,0.0134877535110675,0.00155855953871086,0.0229545457174231,0.802621000199075,0.0175653434354631,0.0280807110316248
326,0.107110625575897,0.195323332584502,0.0534534487314543,0.0381787567960214,0.0559739369661054,0.0469544721365346,0.0414887297126546,0.345062732725327,0.116453964771505
327,0.0402326488938328,0.0338856212148265,0.020496424623939,0.0168016756009873,0.00295629827878745,0.700245973784378,0.0315498991080374,0.0761173819698161,0.0777140765253954
328,0.0237513530222537,0.0153628174415005,0.00647573996154569,0.0121353598831184,0.000735875420997282,0.912933388630902,0.00937074251013819,0.00981755724646425,0.00941716588308034
330,0.0306266149585136,0.00372900601991936,0.00223249056754225,0.00296047691197154,0.000760589013666196,0.945251196434283,0.00604018056895541,0.00569920170171525,0.00270024382343399
336,0.191426444485604,0.166140338593502,0.0667225653112701,0.0452806931111501,0.00927637069332604,0.209541064321647,0.0730922550705285,0.097538312794818,0.140981955618154
339,0.0106502068371301,0.00872582518329756,0.00508541965594863,0.00307897893486354,0.0127342650861253,0.0050491348814101,0.00582526370442865,0.00789306307666234,0.940957842640134
342,0.275286566959234,0.0354202912953737,0.0456017804625923,0.0121649878388596,0.00558041108279105,0.151763992371362,0.110851531995954,0.149455330321478,0.213875107672354
345,0.168118497518682,0.138821385280877,0.0984878288742341,0.0318835995079648,0.00864449197325429,0.0644677915222904,0.170719200768206,0.201838772448577,0.117018432105914
356,0.036995480290947,0.490838832240404,0.329792533530801,0.0731705049492524,0.00160712343403148,0.0103143812250248,0.0182430848059833,0.0128669103373854,0.0261711491861711
361,0.562834226118552,0.09331627472227,0.0500369710635334,0.0309176174906224,0.00732522680068814,0.0496799542711223,0.0480842696738963,0.0731464941752743,0.0846589656840409
362,0.52974502101299,0.00513280014779201,0.00335955500374318,0.0018894540496403,0.00052098225659608,0.00352283075652573,0.00421864638407113,0.00680549188599805,0.444805218502644
364,0.223355442670453,0.0720419559881711,0.0316556196649545,0.0390407145862311,0.00434408054228304,0.479044896819069,0.0316503724021035,0.0535383712861154,0.0653285460406199
366,0.078480182135824,0.0829752127385151,0.0243354735207891,0.0221357684029361,0.00175401275661563,0.0141680900265944,0.0517141203211554,0.401924667207402,0.322512472890168
367,0.709866907178102,0.0509162892634205,0.0315119771181865,0.015161958124152,0.00474512243246441,0.0368520665329515,0.0375207790401791,0.063419966407001,0.0500049339035432
369,0.976152025912659,0.000796067131082927,0.000512653979890692,0.000178563492220758,8.14464676183961e-05,0.0103473114682072,0.0005230825890146,0.00767584029765911,0.00373300866164765
378,0.328925615614609,0.0309626714345098,0.00979168418695159,0.00890858394878783,0.000844233102533667,0.00910990065328935,0.00871533424279041,0.0152933218203739,0.587448654996155
384,0.170985816733316,0.0504667916825253,0.027060718000193,0.0132878293851615,0.0087695184946472,0.0282370906314703,0.0274497702692507,0.625988710519464,0.0477537542839714
385,0.202518407696363,0.00505848871968707,0.00277534305334048,0.00139225371816622,0.000387691863068394,0.00275554081404254,0.00262185629977092,0.0265844404806977,0.755905977354864
391,0.0274158077002939,0.0030204548493938,0.0074789410164838,0.00363621887822493,0.000301618718904059,0.00450152364833247,0.00180458942604277,0.00282988134168324,0.949010964420641
398,0.163940105449522,0.0805179916487628,0.0561703886326789,0.0469243647622855,0.0237751810311911,0.133096510011231,0.0785183264061429,0.307234253145173,0.109822878913013
399,0.152018225768244,0.13606147566623,0.0721504333622428,0.0394082534147066,0.0100666907114948,0.0686923323201632,0.0970973718647102,0.364298697086095,0.0602065198061127
403,0.940194318116631,0.00431521214212884,0.00257381036074913,0.00140580404317957,0.000394590916920699,0.00399082613749798,0.0222666362494213,0.0227996194055228,0.00205918262794846
406,0.233416632997767,0.0598513875476988,0.0370694162253072,0.0178473264385695,0.00668473318242585,0.0683101980803738,0.0810341781545833,0.14516148618302,0.350624641190255
408,0.85718346718919,0.0119416697085148,0.00743378183294853,0.00447992775344337,0.000799933262065626,0.014218918055648,0.0215102760916815,0.0774492607335348,0.00498276537297362
411,0.846893557483062,0.00792292527859667,0.00451512133719627,0.00183489949037234,0.000482033740707566,0.00601584610360477,0.00574572049667023,0.105160582502261,0.0214293135675292
414,0.389048822488515,0.0431028405625732,0.0400072823965494,0.010597862575553,0.0087651984197248,0.0214285966969307,0.0918876576455224,0.366977135482782,0.0281846037318499
416,0.0263886896531552,0.00864133150467414,0.0162348278713989,0.00612817596565604,0.000827925586743404,0.0537985575692174,0.0155489620348597,0.865631231628675,0.00680029818562023
417,0.147183388502177,0.226702824947877,0.0878434008091207,0.0433059997393561,0.0058264947010629,0.0460112885740508,0.0377287923059151,0.0512246630564122,0.354173147364029
419,0.740861225393736,0.0336346933431726,0.020248210830317,0.0129856603843084,0.00212296726123168,0.0171224075168623,0.0201218452384109,0.136307652450439,0.0165953375815228
424,0.0118914065572253,0.585589168425459,0.247645728575739,0.0886207250112365,0.00230987441996434,0.0141025604239409,0.0153583817703072,0.0175925609635366,0.0168895938525914
429,0.951157243367888,0.00227347379563235,0.00201234786950401,0.000896537344690862,0.000234831242931434,0.0340047189063831,0.00244976459878906,0.00507653067432726,0.00189455219985381
430,0.162158322887397,0.114821419765257,0.0717972697743363,0.071750640305432,0.010510853746511,0.266627846115002,0.0686187939000784,0.115054469616542,0.118660383889445
432,0.190949158691016,0.0117725050464366,0.0115546823373496,0.0216555036855925,0.000860050810775543,0.19763543483193,0.0287306042692365,0.0261725563319237,0.510669503995739
434,0.213025057519402,0.112795378609496,0.0820997930912987,0.0326648094359306,0.00689408363256775,0.0792099076646615,0.124310185632956,0.289855107055607,0.059145677358081
436,0.0276832154550883,0.00358808803208045,0.00452600771078355,0.000943623917877494,0.00024065549637772,0.00235207474377268,0.0074012745849983,0.950071995157989,0.00319306490103253
437,0.146343761267673,0.0711479837373216,0.087104266582613,0.026785954709522,0.00746452357447575,0.0694762387028894,0.16607843815243,0.163788092709774,0.261810740563302
441,0.749756975653281,0.0400677796511546,0.0281064114431275,0.0153515998880807,0.00404630788519697,0.0267592981110063,0.0247820549294395,0.0798404959044568,0.0312890765342566
446,0.549060426528227,0.0624104197990674,0.0446741162612077,0.046020954950061,0.00628039442508784,0.0896920695798165,0.0623282396355825,0.0663895705152741,0.0731438083056756
448,0.616807244382899,0.0593991297076238,0.0334724559356027,0.0253126634765275,0.00483370287316881,0.0446819872900816,0.0508413301096617,0.0505839152488812,0.114067570975554
456,0.164853110440962,0.0940395605965855,0.0564914714458182,0.0259145777902078,0.00543182309674024,0.350414579116068,0.0468433425574639,0.0657631132762333,0.190248421679921
462,0.769817013446551,0.0545222887157977,0.0217937218471302,0.0146407561647812,0.00301405406648125,0.0177351358206302,0.0184821146517667,0.0397046190404001,0.0602902962464617
465,0.394865368474237,0.0177108798944977,0.00704061598095492,0.00367126984782583,0.00106680566020522,0.0104067096681083,0.00698700238009586,0.0128098350306674,0.545441513063408
466,0.216215076675133,0.130806290927978,0.0601542040667319,0.0372314055768996,0.0164766326011325,0.0594145635460124,0.0792068996182237,0.280791764856121,0.119703162131767
467,0.304611954840144,0.0390879374292766,0.026878409423671,0.0174812768153533,0.00369587378785468,0.415235483265093,0.0509935725529584,0.0609151004647791,0.0811003914208701
480,0.0553956923865855,0.00807975130195846,0.00695759512425255,0.00635843489459631,0.000517880019812977,0.00577432677256977,0.00353317046614924,0.00805275221302486,0.90533039682105
482,0.0603317350103334,0.0661059975306409,0.0183999821268551,0.0163450395551923,0.0079270934094589,0.592379066170374,0.0179161758161034,0.0202519385566,0.200342971824441
484,0.207404164911139,0.109751172071261,0.0679247540037916,0.0356141570604599,0.0294273564328318,0.0646691857187862,0.24361864531322,0.167580806236139,0.0740097582523714
485,0.276303789200042,0.0324464282058272,0.0140862247496174,0.00579238699752918,0.00151373665910063,0.09812276246693,0.0989760780413413,0.457783793184256,0.0149748004953566
488,0.124598744005521,0.137463171132102,0.0804207161261887,0.0670582485150257,0.0121591086238847,0.229931011371157,0.0700821628138451,0.184686325234698,0.0936005121775784
490,0.192763989274306,0.0868587906348698,0.0259259860093311,0.00951451965772326,0.00166394089865012,0.0102612936292303,0.0102241317938848,0.398504650099611,0.264282698002393
500,0.243625373689282,0.00480509086366662,0.00496699875568405,0.00248249569567736,0.000435768046309207,0.0144160447624457,0.265480760517325,0.458743399663836,0.00504406800577462
501,0.195937078510014,0.13090973400364,0.0742212499064608,0.0454438650797187,0.0102762727600137,0.0668305257933026,0.0802038850895195,0.342818531084843,0.0533588577724877
503,0.492133161135439,0.0752982266662074,0.0403755422089651,0.0244454641613855,0.00591082948458034,0.0400874602914365,0.174285796463086,0.0637616526123513,0.0837018669765491
504,0.507426076688656,0.0240090531111428,0.0153327196181538,0.00752894148245043,0.00230882472203875,0.0204181358213036,0.0224044365110488,0.366622191992365,0.0339496200528411
508,0.460003126820831,0.0228557215038911,0.012648062114635,0.012092577511787,0.00185385722899337,0.0407552950170784,0.0161958793917817,0.0859673022295599,0.347628178181443
517,0.258442114866238,0.111174422533207,0.0534570168123165,0.0402614931459032,0.00401456296596891,0.0466088965241284,0.125276434675448,0.064422813283356,0.296342245193434
520,0.213006963420194,0.13277477011056,0.0752786602818603,0.0570588611474582,0.010422676080499,0.20901711902858,0.12985666094681,0.118465241779289,0.0541190472047487
522,0.0184388497375595,0.087953915226671,0.0221721109864723,0.0448573939500631,0.00208438049245244,0.752689919639718,0.0124919963610269,0.0160572976275481,0.043254135978489
527,0.385534939593367,0.016531064146461,0.0116836714266544,0.00221078184512698,0.000190003317816207,0.00372994089267573,0.00968084870517125,0.532118054299481,0.0383206957732471
532,0.293377422353807,0.0264578203260191,0.0272659037451374,0.0107492334629714,0.00404245893870235,0.397431351670841,0.0417375984136941,0.164693158433883,0.0342450526549447
535,0.107866941244787,0.155157426966814,0.102495141545261,0.0463657295678992,0.00901920637232573,0.133779904447967,0.0790263964164661,0.319457628657726,0.0468316247807537
551,0.898910086350442,0.00799965122918631,0.00506396045005874,0.00331528667413227,0.000679299358170672,0.0072687040065063,0.0292514451178641,0.0437480754404277,0.00376349137321189
556,0.779917841337943,0.0191617217019826,0.012200008692185,0.0075383300409673,0.00178603597981879,0.0115134964497144,0.0204603339866056,0.0695635958830468,0.0778586359277359
558,0.613566667659961,0.0499009671842675,0.0275364934129273,0.0191864471293449,0.0039144084273287,0.0273400188793259,0.0356926674401344,0.170037712487017,0.0528246173796942
559,0.645296672001681,0.00694598054878106,0.00392570805097831,0.00203826352075778,0.000538628392704781,0.00403748665110658,0.00856424180890979,0.322186049780627,0.00646696924445388
563,0.165714971113276,0.494066066968521,0.102924580311683,0.0471091760361601,0.0147875048750716,0.0300725927314885,0.0436478000686579,0.0732409206914155,0.0284363872037264
566,0.770962184903117,0.0244036132091416,0.01488207893893,0.00667983961622309,0.00268427797019684,0.0114559368631804,0.0177318243668899,0.0195299274508422,0.131670316681479
567,0.802362936718627,0.00923753865122076,0.00989457206277984,0.00310527312703362,0.000896140173052461,0.00789212374395738,0.0066518392940744,0.00967756414991161,0.150282012079342
569,0.0633930611736014,0.00412280167507846,0.00427566767843942,0.00755828303505271,0.000311442491276627,0.0202023383603717,0.00231050665772729,0.00256537145359397,0.895260527474859
571,0.20868219559798,0.116106633168607,0.0446107577031203,0.0155347546661873,0.00836202285228542,0.0324846981077607,0.440567939421148,0.0946547142192372,0.0389962842636742
575,0.0499525199828655,0.0745916156135504,0.031130393585414,0.0277585713050833,0.00404025667959414,0.0275988551798673,0.0287748392791007,0.0539266973287641,0.702226251045761
581,0.162657034542782,0.0417076070661709,0.0258319265341225,0.0124369594220069,0.00465827504320793,0.0476021528803817,0.335823496701837,0.12225342147788,0.247029126331611
582,0.44761857781415,0.0547049573231039,0.0322023349956661,0.0167916361038542,0.0322198230819339,0.0819553353085441,0.0567073409200673,0.179124498104989,0.0986754963476913
586,0.372309971449076,0.0407561932781544,0.036165491424416,0.0109441419020742,0.00253123191991435,0.0546538690225976,0.035055872513786,0.414939193940445,0.0326440345495359
592,0.42375907640191,0.0036715508710175,0.00209913816875787,0.00105303483721773,0.000293231781384352,0.00208416069190608,0.00216071007766228,0.0152078172143059,0.549671279955838
595,0.952968546134365,0.000712841692820894,0.000561058992620032,0.000460187384244046,3.90043180908814e-05,0.0377453419331339,0.000852352887260401,0.0058332613615752,0.000827405295889124
596,0.111890386850149,0.214010489723227,0.107949196841007,0.0455639523057507,0.00860057485967092,0.0583075660470389,0.0672256342589801,0.0646400173842454,0.321812181729931
598,0.839460077318226,0.0196283522368373,0.0129446661633997,0.0128564719519549,0.00750859206432216,0.0116556760632438,0.0307015745706319,0.0345531665223864,0.0306914231089978
602,0.115703419333695,0.0137103373881005,0.03513269014696,0.0305462897451885,0.0793871414398988,0.0738358739294559,0.256128307705483,0.295568823321234,0.0999871169899837
610,0.421990825063555,0.00259673029283599,0.00569695863536305,0.000939707061573728,0.000152660454609984,0.0339658998726487,0.518914547592623,0.0112691191269222,0.00447355189986813
613,0.578752980658988,0.0721143195378234,0.0399006879367956,0.0240398342914341,0.00556708900997107,0.0396159941330059,0.0492125321601195,0.0583287792151214,0.132467783056741
614,0.159303301254856,0.100036554247559,0.0617247133118761,0.0337137703931999,0.00903626887492534,0.0750244527077501,0.188789841034334,0.325450877493224,0.0469202206822753
617,0.55649269637363,0.0128585254551577,0.020364736123425,0.00667128785832346,0.00133883123982102,0.0769546722336841,0.0200227327117697,0.289459319408631,0.0158371985955583
618,0.108011409578752,0.00458471323346205,0.00516124039059727,0.00306846841047116,0.00055304350680771,0.0483439794088286,0.016961052197025,0.794138326973674,0.0191777663003819
620,0.626566546527537,0.0278285982671486,0.0188613439576702,0.00973032096934161,0.00909045351962429,0.0247298366413989,0.0292667070210639,0.227113376404671,0.0268128166915439
623,0.0753870887612346,0.0444676749275425,0.0232036457068496,0.0124975952761758,0.679147721998309,0.0192566513345577,0.026146361675928,0.0589102913593882,0.0609829689600143
625,0.193180839305316,0.0123398825772079,0.020171887802451,0.0119791141057109,0.000708712601004064,0.152955757635232,0.00373293992710889,0.00473436237300683,0.600196503672962
626,0.00274577888204173,0.00464946547520459,0.00241165004381784,0.00236747417622273,0.00161687785005633,0.97553589039529,0.00227541823049701,0.00364451003120711,0.00475293491566229
627,0.164122229799749,0.00517278608757611,0.00371257781420017,0.00178630332017702,0.000569175377559016,0.00373305794945126,0.00661805025964748,0.0112787066198321,0.803007112771808
630,0.173116161382451,0.0959399559550748,0.0626411220556866,0.0482621657003012,0.00867295090083781,0.0564035115083607,0.0760279768584175,0.433902439193906,0.0450337164449648
631,0.242568423984265,0.113812287982414,0.0966624614233087,0.0361629962239858,0.00849067052115007,0.0798652114445923,0.0610229175703111,0.122502704985276,0.238912325864697
632,0.240219004464143,0.145464842476487,0.059798871766266,0.0274215977339401,0.0128460800933033,0.140895676502284,0.104374438317206,0.200632980031539,0.0683465086148321
634,0.151853885062046,0.118808953063013,0.0569411891789603,0.0257823033479159,0.00362646360570518,0.0370432806945598,0.514562177331453,0.0511421786929098,0.0402395690234378
636,0.0814203142401577,0.396693647852713,0.153376622135845,0.0498698472158796,0.00888740210952754,0.0620082369809042,0.0893048995531373,0.0713792759083864,0.08705975400345
639,0.628528583205389,0.00595035419442965,0.00620903633846095,0.00202668132627534,0.000256736065934901,0.00502388369820947,0.00734538598351058,0.290116604242968,0.0545427349448224
641,0.863754397519815,0.00254095103077616,0.00197808473752358,0.00113105802885846,9.75889342303491e-05,0.0336874753676185,0.00410955964505008,0.0897279034627104,0.00297298127341711
644,0.228764574479041,0.126472420592859,0.0797614294169432,0.0547422037628825,0.0530199775579942,0.0718190312434458,0.141505873537603,0.186572706923047,0.0573417824861842
648,0.0515311748124272,0.362625395162983,0.195547655088644,0.0315042767627389,0.00276913489533864,0.0260138878732671,0.0349496969817456,0.0208122050786799,0.274246573344175
649,0.109992096218739,0.177387833683578,0.237543060759445,0.100061964417594,0.00660236321674846,0.145952417774568,0.111757630630701,0.0562470063574486,0.054455626941177
652,0.314205132543388,0.0315309371112142,0.0243060040467723,0.0130084850407862,0.00349918651234049,0.0478044819159759,0.0200626138738629,0.502599578538264,0.0429835804173963
654,0.763341263503508,0.0238659542550207,0.0220405902515699,0.00904001419321859,0.00416537185668307,0.0172493413433562,0.0318154615965385,0.0192038024937381,0.109278200506368
656,0.0606734020464891,0.0561269185373312,0.031822003756596,0.0230820718321646,0.00419906502717337,0.0330332185218475,0.59373624162322,0.174449725139525,0.0228773535156536
658,0.290563148203013,0.0505217200972684,0.0446330357741579,0.0141581373535598,0.00617325470100427,0.029215724198466,0.138286979874885,0.145101348697996,0.28134665109965
659,0.154690801515133,0.0647579656922819,0.0490560856069923,0.0136527322792264,0.00623358403224231,0.0468205031518166,0.0353349115689581,0.392138891383446,0.237314524769903
661,0.719329331654976,0.0469502260501094,0.0279935614476157,0.0113093936359795,0.00331890238382465,0.0221823100525613,0.0192781504520918,0.0456284137759087,0.104009710546934
663,0.763491908162621,0.0471061586034364,0.028096490989387,0.0137964328435794,0.00411817102556388,0.0278960208394592,0.0318133753030177,0.0423946191998405,0.0412868230330945
665,0.141660677992326,0.180213948460739,0.21832165867052,0.0678424252042267,0.0110143231057167,0.0738212599923175,0.089851246781034,0.0818385649193573,0.135435894873763
667,0.0410760341641909,0.0961555597604389,0.0585218827220713,0.0203256172818931,0.0169491296393281,0.063230775963366,0.259700291309061,0.313885692124026,0.130155017035626
668,0.0443202594333,0.0036653359285312,0.00208759873742982,0.0011982203509252,0.00103703300205787,0.0020727035951133,0.00198637637118759,0.00314996465390769,0.940482507927547
670,0.343273039714226,0.0295514359188799,0.0202879842154889,0.00976154450560232,0.00305499615747184,0.0669071775844972,0.0166396651916955,0.390248087809019,0.12027606890312
674,0.174126007186317,0.0614977209594123,0.048032587096833,0.0243237884616392,0.0183356172682604,0.130160962375025,0.049718006382893,0.36155848944089,0.13224682082873
675,0.165107896953888,0.11274076965523,0.121943609448224,0.0279723778398559,0.00753302813541402,0.0584289202273721,0.0559396835678596,0.0584691611623406,0.391864553009816
676,0.245546809320212,0.0837402239909998,0.048315463782653,0.0477541087688112,0.0351057153479904,0.0618241123257169,0.365870294860911,0.0730148194053662,0.0388284521973398
680,0.0543385217367738,0.0173568505778792,0.0117448064176275,0.0608993988649211,0.00160671552363138,0.425530949597719,0.0225991357687228,0.0295391037838986,0.376384517728827
689,0.0565235052249948,0.290754007480066,0.104477331414908,0.0759039228572637,0.00698522402003653,0.236702698405778,0.0542836701712451,0.0793284937143477,0.0950411467113606
690,0.488063246566915,0.0166129791095731,0.0106094209351018,0.00566531363745877,0.0015975830740736,0.0162813731300141,0.0229748944767653,0.108315288130874,0.329879900939225
698,0.371262074810075,0.106377714806608,0.0679351937454236,0.0333587328958028,0.0281259784502615,0.067450472059692,0.0777454568279136,0.10658478261777,0.141159593786454
704,0.20177126880594,0.0798885035812912,0.0422249716343494,0.0367347875138596,0.0139924023186372,0.453056653651855,0.0682553613727664,0.070894805125938,0.0331812459953627
706,0.274305587266447,0.0783230582747936,0.0551258385384949,0.0167088373148643,0.00455851707920115,0.0426633443118433,0.0673053244066689,0.346273234133986,0.114736258673701
710,0.435624062761691,0.0706719807422017,0.0408563695619657,0.0216489677634605,0.012477441277965,0.0405648569124079,0.103999873960266,0.187769672648496,0.0863867743715461
713,0.900796726910649,0.0154829700937866,0.00958237543181468,0.00502420993121139,0.00511323221655158,0.0128152797209628,0.0105246556406374,0.0235967494745942,0.0170638005797922
715,0.0137064239501538,0.0066069394106716,0.00372907842857076,0.00260533315575539,0.000327440228087424,0.953651673802645,0.004795169551141,0.0102182190002666,0.00435972247270814
723,0.0626264626487384,0.0342715683740469,0.0238824660405228,0.00965037484272566,0.00234183020642597,0.00806911838792739,0.0717330885959229,0.0118140548018805,0.775611036101809
728,0.419848485802812,0.0457116060430112,0.0341430953085661,0.0149422123018282,0.00202944715726633,0.0203377820432611,0.0232613225302363,0.425317747998303,0.0144083008147164
731,0.223849043656613,0.0563306827167386,0.0344902485817821,0.0169360080764768,0.00495205931073588,0.407987289083376,0.0473510025593381,0.0886012886191661,0.119502377395774
741,0.0382729416578783,0.428790457958249,0.238504871919702,0.100426447534689,0.00487173952094857,0.0305546885146391,0.0887571615970109,0.0395781198153983,0.0302435714814842
743,0.395402337436513,0.0410471847696792,0.0341864525033319,0.0136564489939967,0.00284322457630901,0.074319557354202,0.037836531443412,0.0484218249232709,0.352286437999285
744,0.0855511470940404,0.129257700253638,0.353427597675333,0.136249199431564,0.0080319780026975,0.107573300294848,0.0763584088800644,0.0621911204164079,0.0413595479514062
