id,Class_1,Class_2,Class_3,Class_4,Class_5,Class_6,Class_7,Class_8,Class_9
3,0.284810015126472,0.133157179535124,0.0352147029980266,0.00716597654291675,0.0314876399055791,0.107661986917776,0.080847633865898,0.158996275637633,0.160658589470576
5,0.285127028050041,0.00256025712840511,0.0135960305922149,0.00161041327610032,0.00683986472335043,0.126760640074077,0.163172156200229,0.265083748743817,0.135249861211766
8,0.0976612051587546,0.164888857768615,0.0527005739708339,0.0659693104546492,0.0271243230016549,0.186881370258784,0.100975463793917,0.116335803246448,0.187463092346343
18,0.0502898381010516,0.0183528209273217,0.00509876793752701,0.0851557879236113,0.0135271439629911,0.659605532153158,0.0337135090010654,0.0530783159390767,0.0811782840541973
19,0.391694963049196,0.0310440305010036,0.00485241763220856,0.00107457770457911,0.000645970516290863,0.0803787577336737,0.195656965959295,0.163413635006914,0.13123868189684
21,0.328902252098266,0.0057549697254405,0.00149220982722739,0.00179519777087944,0.00577564349151911,0.433379271142249,0.0639541724030674,0.0458639467142224,0.113082336827129
22,0.275789727944001,0.027932042948664,0.0584298188835816,0.0051630639179876,0.00752401270410385,0.0797011254200407,0.0386431252595647,0.107120432827209,0.399696650094848
23,0.543916568057835,0.0362429535675295,0.0119956915230929,0.00622028545724659,0.00332916060812307,0.0644343385313423,0.0390980927311181,0.210311457603512,0.0844514519202009
27,0.185501600787912,6.69834518082738e-05,0.000123003374037899,1.77052540345491e-06,6.44540485581129e-05,0.0171876968632639,0.00319968009464195,0.278227906413562,0.515626904440813
33,0.561813293812948,0.0868226085503521,0.00411021978524143,0.00150165690986572,0.0136868316351225,0.0610893878837579,0.0388523274597863,0.0372881066374784,0.194835567325447
35,0.541011640670499,0.0112552685420654,0.00427889699568386,0.00238698338465835,0.00243525772184234,0.031670921417878,0.0571525666803275,0.318099628372299,0.0317088362147468
36,0.619581179650698,0.00622727969725451,0.00114330953009978,6.2612411149599e-05,0.000477168492896996,0.0369041840932689,0.0266471621931411,0.0104041184569027,0.298552985474588
41,0.0496706131233495,0.00027979201053323,0.000567827415851932,5.82622868094969e-05,9.75804902101988e-06,0.0113227577567492,0.0344261435308483,0.897138447812616,0.00652639801422155
42,0.228199044184253,0.0363738113377638,0.00842563595681396,0.0298508015888845,0.0107973079128902,0.302367072297575,0.0893749932176853,0.156101998074704,0.13850933542943
45,0.204492558604756,0.0163881060837625,0.00243981221038861,0.000255270446976752,0.00385945625767018,0.00790184354448855,0.014579449052201,0.646364760364195,0.103718743435561
47,0.276958087234036,0.0222742366351187,0.00772660657075572,0.00266393981186589,0.00451561671674539,0.130527189322198,0.0527265886691694,0.0834086057229777,0.419199129317133
51,0.0742309793103271,0.000530524398954603,0.000555422362935529,4.07121272222595e-05,3.40532365174855e-05,0.0199504593436965,0.00818228230025309,0.895742872242376,0.000732694677717868
53,0.105726292999839,0.0220216032467132,0.0206098525030738,0.00398117730937375,0.000772602424804218,0.0594878444938815,0.015236568958479,0.355537713996374,0.416626344067462
61,0.144576257386906,0.000818143041854543,0.000242667382647702,8.55855758964017e-05,0.00106045574356536,0.0241681024596799,0.0312667554763024,0.781121468388317,0.0166605645448308
64,0.884436072191039,2.04297676489218e-05,4.01974979967552e-06,1.06689791375064e-08,4.27649815107008e-08,0.000103888111515187,0.00223020617521573,0.112758931249806,0.000446399321015087
65,0.124175308073301,0.0590041096526555,0.0185079092924861,0.0439940250539703,0.00828525143077334,0.0826017003111382,0.148455077800941,0.494411973163776,0.0205646452209585
71,0.126227955627128,0.192258770178443,0.107872247749135,0.0277346544845861,0.0652664468654635,0.0951150161135105,0.090573223610992,0.184683108445618,0.110268576925124
74,0.514612758826294,0.000202093106326927,9.01899921891498e-05,5.75274198237929e-06,3.65385081536883e-06,0.0750372310183092,0.0100417635569338,0.0121917539112321,0.387814802995917
75,0.217359712724734,0.0202162681611198,0.00961073510432739,0.00431039427406928,0.0138562093009117,0.307927622636171,0.113516311873738,0.104104874917086,0.209097871007843
76,0.139564780664951,0.00738283685843818,0.0243310881478776,0.00124122146653727,0.0111227842340213,0.125987102474288,0.0592566837011396,0.465440760094911,0.165672742357837
83,0.223282936639194,0.0180050196635087,0.0175439989551439,0.00517250201245507,0.00420931776363865,0.122414902268299,0.260452782327233,0.264343759712856,0.0845747806576724
85,0.127164613807833,0.0683474060639974,0.0665317400088085,0.00977800801790275,0.0315989884507937,0.152780957684887,0.324654430681989,0.191559538871882,0.0275843164119049
88,0.245444126801332,0.0220215662601355,0.0174543289093595,0.00200932093475945,0.0118467472840733,0.0611966494940999,0.0693727459773727,0.4558227222436,0.114831792095267
89,0.160920355871709,0.008866714558801,0.0328984736290184,0.000439695997426985,0.000271588572823663,0.0531129017640848,0.170486115399965,0.347050729052427,0.225953425153744
90,0.742467975121515,0.00094869402732377,0.000363550561713543,3.42884090810232e-05,3.88056549451824e-05,0.0854391551360722,0.0429693443456811,0.0214137338001397,0.106324452943528
93,0.308061881297214,0.00233449756149118,0.00095001021738672,0.00166908693938822,0.00185040940499972,0.424590075988614,0.0774080664739244,0.0647924278807609,0.118343544236221
110,0.369944712196173,0.0010491231245232,0.00118829878906581,0.000412192859357743,0.000692009705959942,0.0021651978553224,0.0122682504980488,0.605023482783016,0.0072567321885333
114,0.123012665694723,0.0590405497810771,0.0459471834219603,0.00607390315494017,0.00762095273079111,0.183797555110377,0.0301654511252038,0.308900938806295,0.235440800174633
115,0.590601489105502,0.000841859650562239,0.000462508934497683,0.000111627299487812,0.000265196193421653,0.0598453233911519,0.0108743662482385,0.0460712588368165,0.290926370340321
117,0.0734001968122598,0.0010620257881054,0.00745347877508089,0.00307922731767954,2.08068682373011e-05,0.0107545829317628,0.0029777178454729,0.000370350168471078,0.90088161349293
118,0.102910913385605,0.0154772147011394,0.00601384540441368,0.00128173874722264,0.00644343984688387,0.0918055385426912,0.0258377016831723,0.046321919726837,0.703907687962035
133,0.11223525130997,0.141863415509651,0.124556371809932,0.0217018952545173,0.0313057976401136,0.0683599571329638,0.088707864268616,0.346917499331043,0.0643519477431932
136,0.336638069819832,0.00768100244561206,0.0122252507222047,0.000608524914007532,0.00114246127815171,0.224882716520601,0.0115396126160395,0.0669684826425256,0.338313879041026
137,0.217668519857901,0.0532722861639619,0.0694603576877336,0.00495707341513597,0.0238582469570402,0.0649407493534212,0.191821354100511,0.31075540456345,0.0632660079008443
138,0.0680001462122737,1.01127126149722e-10,8.59117883055787e-08,3.63572497855536e-12,2.25355368220743e-10,9.19827945630801e-06,9.34797467360578e-10,1.55300443974327e-06,0.931989015327126
140,0.0071209364861255,0.449263180384392,0.327150251351881,0.136025698912831,0.00336878719094833,0.00911462396100582,0.0506975677152665,0.0149290784033023,0.00232987559424814
142,0.0453356917515546,0.171697895828991,0.061864744525237,0.0694544116079016,0.0244156292718292,0.156505130542958,0.0866373413349459,0.164633963489073,0.219455191647509
143,0.205392256004877,0.155670080786006,0.057890692991546,0.0181766852816602,0.0191677948527993,0.120243183657648,0.101067734760112,0.197397013855359,0.124994557809991
144,0.446986199134748,0.0168926175414614,0.0129716325208326,0.00126727966748228,0.00174394104284999,0.063348570086144,0.0278017070068602,0.164113604215904,0.264874448783718
146,0.0870091262959519,0.0354580486479052,0.0290139224405112,0.0145954330505842,0.0142049142148877,0.237872035798214,0.0744803131841312,0.316971471447364,0.190394734920451
147,0.236811489486089,0.000173291994538309,0.000658897919296711,3.70641527450929e-05,0.000251439791329721,0.0413262682153629,0.00728111520888414,0.667731208821671,0.0457292244100829
148,0.159801305849721,0.0952808605287884,0.109942644442259,0.0222711625111495,0.00964951433723464,0.0733130568899523,0.101068157237354,0.278625620743075,0.150047677460466
152,0.215245714651722,0.00970228566218739,0.0139605651682748,0.000654288173963931,0.00168095672621692,0.0366087183352584,0.0115965513527923,0.0779815902220829,0.632569329707501
157,0.0966830595654328,0.29174458420513,0.0945981771719998,0.0156695808541335,0.126933750096847,0.0690767163424511,0.0777425963791566,0.157464651085671,0.0700868842991782
164,0.209868679735406,0.132106497809232,0.0213299676358413,0.000282982655875373,0.000660445839238522,0.0466586216614171,0.475354830527131,0.11083682929979,0.00290114483606754
172,0.0059973554370893,0.426905989778387,0.377956980199932,0.0822310687829503,0.000380091900894054,0.0186951317331363,0.0750271265667719,0.00287800813070339,0.0099282474701357
178,0.136426863163338,0.0895075159091127,0.0633892301613794,0.0167141875358627,0.0104098076445926,0.103470871522419,0.0676471614140802,0.101036638638076,0.411397724011139
181,0.218353320845678,0.0030624939192232,0.000765516830095337,0.000362025390064336,0.0020486778134147,0.034822082579676,0.00428743055557172,0.0945870667968539,0.641711385269423
182,0.2082836307575,0.00161083028059122,0.00455609091346903,0.00373131071053752,6.94955824605374e-05,0.140471613386631,0.0372721307264254,0.00560346088528561,0.5984014367571
195,0.495294481175134,0.000176082918353989,0.000786977288306751,4.04574482267214e-06,6.85772160451478e-05,0.0169383239076771,0.0481863330501824,0.174238576491233,0.264306602208245
196,0.282564591122316,0.0150138112624293,0.0125133138454919,0.00364804743524051,0.00698028136501207,0.170714174899116,0.0401848802320496,0.137306826790607,0.331074073047738
198,0.00129976466109576,1.47401351929986e-10,1.41547926173327e-08,1.52808780364133e-12,2.45972194545077e-12,1.32008271108632e-05,0.00164441418972816,0.997042603534415,2.48146827497112e-09
201,0.0427917548803344,0.000162257200022957,4.21787852405786e-05,0.000839884803126144,0.000221251419974089,0.846298361429687,0.064257886094,0.0413691431488857,0.00401728223872905
210,0.545734735053368,0.000277765338921272,0.000329984979195369,1.94428197147289e-05,0.000445175454659106,0.0349179312022484,0.00828478499337242,0.0819101305817205,0.328080049576801
213,0.203105439988125,0.0115250090071343,0.00758626531885226,0.011035419937473,0.00934134138445675,0.157905742834171,0.0470704523889773,0.314454264851994,0.237976064288816
216,0.0301828846567684,3.214259488048e-06,8.06565034652141e-05,6.69474290794665e-08,1.0494252023685e-06,5.996799915185e-05,7.50104580451987e-06,0.000245887723646165,0.969418771439044
218,0.14322414421268,0.00773763043394155,0.000492468234978684,0.000134564739940894,0.00202707700461706,0.0618208360421312,0.00484924628354256,0.0172321603231396,0.762481872725029
219,0.323270743140463,0.11342683520796,0.0541689471647061,0.00446478418116846,0.00414754974079626,0.0939745950374908,0.0817955739536978,0.246308509835288,0.0784424617384294
220,0.189310514846454,0.000572758921057811,0.000166041149005724,1.63101874350337e-05,1.12925595110003e-05,0.0738342050533949,0.00496422279995783,0.00859227192971719,0.722532382553467
221,0.331328638724673,0.0010882580993583,0.00689893131094686,1.94663802083412e-05,7.21228395040082e-07,0.0235556863384109,0.0660069629761446,0.561920769141918,0.00918056579994591
223,0.495410984417969,0.000205951210443448,0.0015061112541211,0.000879168957759183,0.00108721292868164,0.033988716957208,0.0118616488931811,0.00213503197038091,0.452925173410255
227,0.730171317531872,0.000203123788634775,0.000108524566594129,4.48532835318001e-05,3.05286950944677e-05,0.0337089195931908,0.159953165283481,0.0412691754266254,0.0345103918309756
229,0.26055218820548,0.0277098559127126,0.00890139211577154,0.00471034965842318,0.00481568349819995,0.0640001756208017,0.100591842927779,0.467375797245234,0.0613427148155984
231,0.722046593313456,0.000390380616787497,0.000897289220844669,3.37306360532695e-05,0.000123571755574021,0.0174635499843992,0.0387829729558537,0.173557688909948,0.0467042226070832
232,0.585118223408796,0.00477008055398921,0.00208469341035496,1.01115011728614e-06,1.90774473882308e-05,0.00417969292861887,0.276380534419923,0.126368383772683,0.00107830290812901
234,0.462862526696792,0.0406547935234504,0.00182043604829119,0.00339958807562205,0.00780898172100248,0.114967675559034,0.0379072171645142,0.0778163512272211,0.252762429984072
241,0.140922914342852,0.001163178813974,0.000137567714855674,6.32615245163342e-05,3.92218171514652e-05,0.0876573860529277,0.0144059554774639,0.00337704089772595,0.752233473358533
246,0.0110681657581505,0.436993835888485,0.371142565613056,0.12438298247552,0.000119449611240719,0.00304932900409624,0.050180927683557,0.00198192118787608,0.00108082277801857
250,0.380650220367387,0.0246691746105255,0.00381757768005787,0.000430688083309501,0.0114596159446945,0.0256596832126565,0.00875833125797256,0.142670433045405,0.401884275797992
251,0.417766988411951,0.0265162190188169,0.00885704527456965,0.000638930329659276,0.00664565556993314,0.0452707344842154,0.0502178960672217,0.403108401455792,0.0409781293878408
255,0.29599254383192,0.0222286502022716,0.0264769882912414,0.00221335266983414,0.00356543322844913,0.0690400560009504,0.0351190435403178,0.0994808375456261,0.445883094689389
257,0.172939901248039,1.23262295205951e-05,0.000137708671357064,5.00143858700402e-06,6.89395490273644e-05,0.00403404548057082,4.40735989843649e-05,0.000606495779266962,0.822151508004647
258,0.900778497781396,0.0038764366434673,7.39171647895914e-05,3.06189806491973e-05,0.000393133282760079,0.025688524365652,0.00698729342149126,0.0476800232316856,0.0144915551281086
259,0.0347952775870943,3.71091147179851e-07,2.25463477127229e-06,1.76475246119259e-07,2.15328178068965e-06,4.55815597032222e-05,1.99350447722287e-06,7.30769076039652e-06,0.96514488417502
260,0.000141449624474989,3.68455668523251e-10,1.69591986534035e-12,3.01590075889325e-07,1.33796759149673e-07,0.9995952750301,0.000241203087008809,1.1413392048891e-05,1.02231093802295e-05
266,0.311961605673142,0.0266242815834337,0.0202467680092078,0.00349300365867909,0.010659396698919,0.117315435624388,0.0326972342510995,0.103281182066225,0.373721092434906
275,0.155732494410082,0.0365599520871308,0.0486940033567691,0.0104572689165909,0.0218418653287967,0.0876477423593681,0.0387619378848638,0.20475449583336,0.395550239823039
276,0.848250779232919,8.60597263400524e-06,1.26258193581171e-05,1.03164778344559e-07,1.68694656476375e-06,0.000127633565563246,0.00983244050449257,0.128341533922024,0.0134245908716653
281,0.0246691689948988,2.56947653713913e-06,5.78366171779421e-05,5.97133243196676e-08,1.3307924108336e-06,5.55221266386881e-05,7.88746398526034e-06,0.000143252663858994,0.975062372151168
282,0.74595923699227,1.85107028554408e-06,5.74926453011097e-07,1.05718143153209e-06,1.17040785928188e-06,0.000954569021798917,0.00955980511510349,0.242928502723055,0.000593232561743558
286,0.758201316567199,4.34312103591973e-05,0.000403190007052043,3.71237877656725e-07,4.87365797020878e-05,0.00448379031117247,0.00188984978785106,0.0740096974025235,0.160919616896263
287,0.314817663188259,0.0169923042413997,0.0147393815352272,0.00409390658278911,0.00773694084642752,0.115654970588292,0.0497741679056563,0.0583902729416438,0.417800392170305
288,0.138264853755461,0.0528298215640986,0.0131112229230524,0.0339341909945871,0.01730015941978,0.439096533496526,0.0505583404801168,0.0997228487507692,0.155182028615609
289,0.30046559414481,0.304101869525611,0.0107979661796594,0.00356444463723001,0.0363510063024249,0.0600247659663304,0.0461064304629858,0.103288441987163,0.135299480793786
290,0.552795696220052,0.0169418897495053,0.00424585340053181,0.00048122579697896,0.000451525432305049,0.0780939700164283,0.0864280766154161,0.027509175028548,0.233052587740235
291,0.113328816992818,0.0351235176436311,0.0146222353676991,0.0298750981981306,0.0102957122708725,0.091834643130726,0.091810062802275,0.595793698098517,0.01731621549533
293,0.458097819702804,0.0327946492217262,0.0125206922978797,0.00220139731717389,0.00419450914870711,0.0800390814255037,0.0310088751564823,0.117863012696442,0.261279963033281
298,0.170168222322105,0.00919446951507873,0.00808968776934938,0.000918646372010734,0.00194065590362573,0.0841851884738557,0.0182654263163948,0.142399057670008,0.564838645657572
299,0.684160736717307,0.00561488185921137,0.000812053327832982,0.000184998311081982,0.000166113600951713,0.0312238824606747,0.00843522881356788,0.0743006074346371,0.195101497474735
301,0.329392882718223,0.0252759875650287,0.0219681300337283,0.00234155463458166,0.00197322185676796,0.0767216212775596,0.035306823773697,0.0516526123014134,0.455367165839001
309,0.0761192033689323,0.401720044163576,0.120839913997114,0.0240367305498521,0.0853789547803083,0.0503965505313199,0.0806342173045038,0.095157547208813,0.0657168380955803
310,0.266624166913918,0.0599062091009009,0.0317147460055878,0.00557191578501206,0.0169990329238598,0.123655293552323,0.0456040151340327,0.0880897710053994,0.361834849578966
312,0.693475212048459,9.23831993080531e-05,0.0011575720209321,0.00029605748579388,6.79278368710675e-05,0.00367413705606373,0.00203569202573116,0.000285770012479595,0.298915248314361
318,0.161752944482616,0.0672207877493455,0.0209354281676527,0.0163341584958012,0.0299512308390846,0.217439370376229,0.101192453223479,0.258353114188866,0.126820512476927
320,0.30748125144626,0.00159076259794748,0.000410530952934275,0.0466011449042926,0.00126167294305402,0.316100186257266,0.0563145389963082,0.0724743078998409,0.197765604002097
325,0.0298094023888066,0.00566207805864385,0.00655793617997854,0.0032416471397641,5.11532767757118e-06,0.248457944723959,0.638971902758754,0.00906736458964142,0.0582266088327751
326,0.312183939130177,0.0831849938579318,0.00673242020343647,0.0136665906940801,0.0176620277160962,0.0319521415499361,0.00768621325853676,0.485348380532734,0.0415832930570719
327,0.142750127668716,0.00629740786354946,0.00203361288850169,0.0127378626024129,0.00364957591658589,0.206842615359482,0.0510213091863245,0.395814465643882,0.178853022870545
328,0.00609937473185668,1.24526266580339e-05,5.84769481165446e-07,0.00746878532495566,1.42786053306782e-05,0.971859398749434,0.00553205058270063,0.00118538416941458,0.00782769044016868
330,0.000536204587782675,1.75107118041865e-10,2.4185770536089e-14,8.78568457025237e-06,4.87890935455134e-08,0.999305280963674,0.000103958432326028,1.94803098920885e-05,2.62410575302764e-05
336,0.160200575812006,0.226971202448955,0.00916964669864617,0.00451021191179706,0.0184827554423905,0.153800044753165,0.0686314954274697,0.102909490093087,0.255324577412484
339,0.0802429048463107,0.0370965499438134,0.00506064921334392,0.00242265770951989,0.0183973159853242,0.0525269201359646,0.0229804729682991,0.00295743993772503,0.778315089259699
342,0.432740040685644,2.28620030179723e-06,1.5957497693438e-05,4.70487069064443e-06,7.54810817780824e-06,0.326808569720074,0.160244052077287,0.0763991141236806,0.00377772671645097
345,0.228398682839297,0.0522311608363527,0.0195879534105399,0.00224115877936447,0.00130003364336942,0.0844645620305266,0.0845478632748623,0.396330794664337,0.130897790521351
356,0.00484852661364223,0.565544466977174,0.269297644232556,0.11629943198559,0.00080576213242603,0.00210181065387234,0.0355124762281756,0.00390441163483448,0.00168546954172958
361,0.216698723807253,0.125268243065476,0.0347552689964373,0.0116605666470404,0.0241356520350035,0.119126489710285,0.0813055364699037,0.157677706094541,0.22937181317406
362,0.239752324870063,0.000386762807678563,0.00135768211810143,1.50194404045268e-05,0.000225640175444542,0.0232685264382512,0.00163324759127183,0.0132174349442155,0.72014336161457
364,0.425014412487768,0.00528287341210982,0.00075137305304662,0.0124600481900715,0.00112756762649365,0.254120853835926,0.0629663697600382,0.106666751724138,0.131609749910409
366,0.151877335713696,0.00688152707846204,0.0125458954742324,0.000325078222354906,0.000766413644484476,0.099217654092075,0.0305304211781512,0.622104062041156,0.0757516125553878
367,0.544354785595057,0.00167168044637303,0.00097740684568568,0.000391515376038702,0.000323906370914632,0.0803992089277153,0.0366083386728956,0.189719661035227,0.145553496730094
369,0.998594818457063,1.4716307155914e-13,3.60254032295773e-13,1.2400759753194e-12,5.50051246150621e-14,3.30612555029682e-05,2.23404472900646e-05,0.000878375369558667,0.000471404468782631
378,0.456397324564582,0.0095497341558781,0.0114671865581529,0.0015114252939219,0.00264293303176912,0.113040898454363,0.0347131638579666,0.0394994075798154,0.331177926503551
384,0.318376043018975,0.0430860004487595,0.00981624860762421,0.00505738173438198,0.0203627773915032,0.0678170973037119,0.0510407905087546,0.422061860906447,0.0623818000798425
385,0.00106911484521789,3.66208066339406e-08,1.12658628778192e-08,3.55796639961889e-09,1.84172145177416e-07,0.000219237739039446,2.32493698110353e-06,2.11778916513769e-08,0.998709065684089
391,0.0592022051462177,0.000352651580490822,0.000121187679774251,2.10258751683986e-06,1.20305989620553e-05,0.000415463549183946,1.99521239097977e-05,0.00467503969663893,0.935199367037306
398,0.216612327099436,0.0218638943772026,0.00838997031093589,0.00650063344159223,0.0144135193786796,0.230573084285627,0.0440743746238177,0.308286194578761,0.149286001903948
399,0.217802544595758,0.128465641259694,0.0834085569543904,0.0139912067451077,0.036193774422763,0.0710753071734713,0.132996128971924,0.182810822492598,0.133256017384294
403,0.683744918309106,0.00107851993284405,0.00145288174883295,1.57059680214623e-05,3.62936944366902e-05,0.0108541173028343,0.0574718545109324,0.240245164631988,0.00510054390100443
406,0.446214051351127,0.00735451628416148,0.00542530366935538,6.01767202530504e-05,0.000284335158862345,0.0639967804828443,0.122535158540102,0.141813431764179,0.212316246029115
408,0.807744409197402,0.000638291856125293,6.32466228888333e-05,7.50646784861315e-06,2.93545568544878e-06,0.00133904528133663,0.0635870937541835,0.125976846372937,0.000640624991593522
411,0.943751855998235,9.58319024135033e-06,3.08466951671917e-06,9.80840773951396e-10,1.79910123216765e-08,0.000713567216176159,0.00127711160754486,0.0300919117019157,0.0241528666445167
414,0.133962945830286,0.013076121324268,0.0730003436475056,0.0022213877111806,0.000211765973678375,0.0161690112293459,0.27588182520698,0.470221573261162,0.0152550258155936
416,4.83304940156685e-10,8.6279719061701e-16,7.20272043793915e-13,1.18980934226672e-15,8.95329290826179e-17,4.41458154365497e-10,8.71346051736684e-08,0.999999911935966,3.94350440296495e-12
417,0.0256086453871114,0.650894363204542,0.0602421730413755,0.0139153315156279,0.000645772356434543,0.0325461809691385,0.0291572977626849,0.0431244302516025,0.143865805511483
419,0.481821552340378,0.0641950097316,0.0185624396942401,0.00113403071738055,0.00137154508578186,0.0594322995992914,0.103046280531283,0.237621974265058,0.032814868034987
424,0.00960365799617978,0.631254886445046,0.148428573796698,0.0818574853192666,0.0181426232304907,0.0185939771514204,0.0507370783761225,0.0225688603958143,0.0188128572889613
429,0.999906245225384,2.86941425489071e-23,3.35932960599826e-17,2.17338904412792e-17,2.41668245056737e-18,9.32919705008709e-11,2.51866516149462e-14,9.32968553246374e-05,4.57825974407935e-07
430,0.207736328719245,0.0421994246151311,0.00935608092720436,0.0201681932179333,0.0298012500114201,0.161878232229808,0.0667298357629726,0.204605578043491,0.257525076472795
432,0.629413216949129,4.05268580624765e-06,1.57354423171747e-05,1.64655244687856e-05,3.41436355513717e-05,0.18488398086033,0.0157590069964306,0.0145532936857225,0.155320104220244
434,0.234133232640667,0.0267447375234217,0.0206178574935173,0.0014898776817646,0.00498920360369142,0.130876915021929,0.100145032608108,0.432571485192825,0.0484316582340763
436,0.000292608517193391,7.56263928600443e-11,4.78700928005734e-07,1.39691466490439e-10,2.55311641720992e-10,2.49874731312734e-09,1.21445143711722e-05,0.999694504313077,2.60985053679933e-07
437,0.256496544831184,0.00702066921245837,0.0142393408809108,0.00212816477406422,0.00123247339113406,0.140320801476535,0.0960611944027032,0.335044067393107,0.147456743637903
441,0.25683733117213,0.118649176843324,0.00836703556155396,0.00711830679967362,0.0195116845246316,0.126599256583361,0.0709515371274512,0.176594087846207,0.215371583541668
446,0.224600458326363,0.0796541005352423,0.0383391844302142,0.0141117668308522,0.0141431300617523,0.187148539192227,0.0734805013381652,0.173245017599414,0.195277301685769
448,0.321585766322368,0.0267652336967186,0.0155157678564984,0.00933550212833361,0.00539991501934009,0.203943412108639,0.142284893251944,0.0550135814113344,0.220155928204824
456,0.180618792465438,0.0349237564007256,0.00649898431365872,0.0182507001702515,0.00253139837676952,0.394780557848332,0.0651463815235408,0.0776179305353847,0.219631498365899
462,0.430714612212994,0.128750839068138,0.00755033565048366,0.00759917939385487,0.0158862929342649,0.0865636747571531,0.0652647761282349,0.0758540233954069,0.18181626645947
465,0.277003093191957,0.00432369773560831,0.000419771949079034,1.23809660715042e-05,9.85210207007097e-05,0.0122671576278401,0.00153428331418991,0.00423678116024646,0.700104313034307
466,0.243695657005152,0.119421088956864,0.00494695321369515,0.00269349424351596,0.00990042144767377,0.267633581542089,0.0357334631463451,0.274252214710454,0.0417231257342106
467,0.35528888787151,0.0046008562460895,0.0013761794430911,0.00332230418934035,0.00247567798726296,0.27005914641435,0.0721675623418264,0.0686062568699401,0.22210312863659
480,0.200393161684622,0.0011794198113273,0.00196481370122413,2.51820380562124e-05,9.61935172472247e-05,0.00163613842092981,0.000462056484817397,0.0244641881147263,0.769778846227049
482,0.186147906214095,0.014079452709816,0.000329813669440575,0.000691107990989694,0.0046209037601531,0.351740255209601,0.0237832737350717,0.0254808914855461,0.393126395225288
484,0.298314531027338,0.0418091317101629,0.147811641969674,0.00109878630500441,0.000159084652265582,0.0395724593591064,0.129801204989916,0.286587527109012,0.05484563287752
485,0.0518735824399022,0.000191353294515548,0.000419686699887495,5.01171944231421e-05,8.55915484580359e-06,0.0121432362020451,0.0379737573810422,0.890192596546403,0.0071471110869359
488,0.527513939193404,0.0426766748045189,0.00539272113229826,0.00450650041020764,0.0121676960100637,0.123511923160222,0.0260470546502373,0.191870947938899,0.0663125427001491
490,0.265716655277355,0.00167425867494052,0.00231236242470513,8.89492052623047e-06,7.83137955897807e-05,0.0127729504836139,0.00295298415148462,0.266471999358088,0.448011580913697
500,1.18257649353486e-06,3.32270907123478e-21,1.54993301318393e-13,6.08955458675556e-14,2.10424255383806e-13,3.92926009978925e-06,0.999994876663217,1.14997628500289e-08,2.2472912949431e-17
501,0.152369471587387,0.18643144079303,0.0859512793882674,0.0279583906849343,0.0367264767803905,0.101184657035642,0.0805692136073028,0.232675821473632,0.0961332486494145
503,0.280358375034564,0.0794130694703121,0.0230623124030446,0.00330219526080231,0.015911398857329,0.0943947127818788,0.163443526120959,0.100154918025687,0.239959492045423
504,0.243890608193701,0.021465591832026,0.0401881467919319,0.00088198879168973,1.06679039061856e-05,0.0279552175893555,0.148499971851615,0.326067558621819,0.191040248423956
508,0.222996756869999,0.00146725561914581,0.00947074513286438,0.00107806845531783,0.00143884540771956,0.042130987091825,0.0240823320100782,0.0494828181553843,0.647852191257666
517,0.258622574206533,0.00936547990545146,0.0118952257622762,0.00444901978819776,0.000744625610495063,0.162501405019025,0.153915514094172,0.0637476030519493,0.3347585525619
520,0.413027098821297,0.043581339294406,0.0115346581136126,0.00788165654893212,0.0158529947096225,0.211709000727921,0.05145146013604,0.178448862938282,0.0665129287098875
522,0.0719236303892219,0.0726867171541745,0.0106434303381411,0.0954386695066807,0.00249707423776418,0.427638713290778,0.0466664612509414,0.0424310760803152,0.230074227751983
527,0.233469667957698,9.32772425444757e-17,9.71383988727194e-12,2.94594828842115e-15,1.04484064207571e-12,0.000665575312984741,0.764575229307074,0.00128952735439927,5.708290808088e-11
532,0.322659080216853,1.26177496068099e-09,2.27254354465371e-09,2.25856748194282e-07,6.56717197029412e-09,0.592586613695887,0.00231460348018347,0.0764098551542618,0.00602961149457586
535,0.230892071831729,0.0884359330338691,0.0246014593633806,0.0450742124786684,0.0188704240834336,0.110876665048005,0.17793728570432,0.271647139024811,0.0316648094317831
551,0.591545622763926,0.00283571419832063,0.00427960045998799,5.54508988891001e-05,1.96241505481307e-05,0.025772464531404,0.0629774793974223,0.298409872099813,0.0141041714996886
556,0.56109625103244,0.0155524840286105,0.00936911015579105,0.00138187044402623,0.00330950824524119,0.0443693049926272,0.0448938955008672,0.0981543443726004,0.221873231227796
558,0.224419132070851,0.0550861840412042,0.0286318586101922,0.00734997621746434,0.0144843962798754,0.0650451190155709,0.0923651786938,0.318135697365431,0.194482457705611
559,0.23619985345919,8.3675418138257e-05,0.000100785620144514,9.74543290294823e-06,5.97508210540656e-05,0.000257440460215205,0.00330640299543001,0.747918058356114,0.0120642874368105
563,0.231360319073221,0.226079772104261,0.0630300855689915,0.0100737012000003,0.0292273025709164,0.0550262903223254,0.0886023939435158,0.226436721424579,0.0701634137921901
566,0.534654392057662,3.0956040299732e-05,7.63808984134497e-06,2.27058423043252e-07,1.57062980542112e-06,0.0284082964867573,0.00625234041711751,0.0337303137912862,0.396914265428807
567,0.48967304359467,0.000229698157984327,0.000517225053077361,0.000202846386653702,0.000149760284719767,0.0645253333667405,0.0224017954701936,0.0405532419952111,0.38174705569075
569,0.0555255865936745,5.27073003349548e-07,3.17942139075982e-05,5.42170601109685e-05,2.38261098216855e-05,0.0286775034247201,0.000230732727761218,0.000146286905347091,0.915309525891653
571,0.559923072663136,0.0520088648159922,0.00107695906825242,2.70026020200186e-05,0.000204819310253149,0.198592932181222,0.0670887137239581,0.0244574696379581,0.0966201659972076
575,0.0811205721449266,0.0237550769633643,4.85724814550258e-05,0.000703146853141294,0.00578342963646394,0.00910444638069305,0.00054256484721921,0.041807953926731,0.837134236766006
581,0.42115107069955,0.00608179137719358,0.0038246426137884,5.58760587755497e-05,0.000194569361763688,0.0934661223557181,0.202644221594415,0.102321700748893,0.170260005189902
582,0.887355109192045,0.000991726877476285,2.95874081099999e-06,2.97283162636213e-07,3.3383924461032e-05,0.00757318023229487,0.00143766663784352,0.00880530804809677,0.0938003690638093
586,0.411711820922326,0.00231342204247807,0.000491117527429784,2.75995270036311e-05,3.50978537682618e-05,0.00819490698770042,0.0253804464148281,0.545513757605721,0.00633183111874443
592,0.0070499830192729,9.17425013823381e-07,1.58352437072084e-07,2.57998216805985e-07,1.63389166412856e-06,0.00219477152348128,0.000107281217419575,8.27041519390369e-07,0.990644169530975
595,0.999908969220693,1.52181661496177e-24,6.65087936910268e-18,5.32247203941668e-19,1.60714952582368e-20,1.85678184511779e-10,3.58812669302028e-14,9.09867465853711e-05,4.38470069925526e-08
596,0.097261514978329,0.280215648495719,0.059024029453575,0.0484104750056061,0.0097765366513106,0.0798818687735718,0.0628034679952684,0.0332140470449098,0.329412411601711
598,0.748525257169561,0.00181101737036188,0.00127586236099601,8.59821059941848e-05,0.00105440339500184,0.0223464259188236,0.0447766451554658,0.0230461144487781,0.157078292075018
602,0.310031225485234,9.75768140083971e-11,1.4507488880681e-09,3.54718784368239e-05,2.84934776044651e-09,0.0492861425866471,0.00742189029963566,0.633021454507934,0.000203810844438817
610,0.99768141188816,7.81821682514166e-12,3.11499458163708e-08,1.70706678723406e-20,1.2589215134846e-22,0.000115775606412389,0.00183901049097498,0.000363756312369936,1.45443190459386e-08
613,0.280754470511489,0.0539535908709425,0.0224477254815122,0.0117129091016006,0.017705601730926,0.175648603023878,0.0891061772799256,0.107150522890123,0.241520399109604
614,0.247419652450762,0.0493389117119617,0.024586777280526,0.0118876287961534,0.019606146634141,0.163894310287612,0.100544655688435,0.34137282414778,0.0413490930026288
617,0.235193192679778,4.32906022151674e-06,1.9097573761216e-06,1.36052457202406e-06,2.64177877312973e-08,0.000528866113089219,0.00406513198508565,0.759435035720624,0.000770147741465638
618,0.372708992466218,6.92924220045801e-10,5.48986396005325e-12,3.63014557771555e-11,2.73504103606905e-13,2.53240293636414e-06,0.000233268369191729,0.627055166287779,3.97388854788544e-08
620,0.610904900707736,0.00325090082121292,0.00153014328846947,1.77979098592348e-05,4.39676322361252e-05,0.013183639723665,0.0919990579024688,0.267398890829108,0.0116707011852443
623,0.145793496181326,0.111449618943155,0.0210679529185898,0.013113437040358,0.270866074849368,0.0903108549168057,0.0582096649474346,0.184603739937481,0.104585160265481
625,0.362318076296315,2.61493321221772e-06,1.04859640487818e-06,0.000183193894253227,4.0053406560897e-06,0.0389899146370078,0.000444936523315463,0.00116999183519658,0.596886217943638
626,0.00743938730138228,9.01668608102204e-05,1.45463877557116e-07,0.00946328720705073,0.00157975969971555,0.967480439162511,0.00655024699133108,0.00374381993366456,0.00365274737965698
627,0.456927298431293,0.00104235738426186,0.000966383921460345,7.90293682910918e-05,0.000676540145422583,0.0238187099754143,0.00600004277295101,0.0489104352605403,0.461579202740365
630,0.137159250582559,0.114589143400858,0.0713913969821716,0.0415241456467568,0.0538015858715709,0.102929032426085,0.0977481907834893,0.220689279223889,0.160167975082621
631,0.338138124959605,0.0340756492481078,0.00299471746456258,0.0036095017965888,0.00773370848156156,0.169298473335647,0.043844294373957,0.234790497216085,0.165515033123885
632,0.328017853270166,0.05131038998822,0.0116445962505831,0.00383073669845668,0.00375101053032585,0.172916436631299,0.134668667647495,0.230776974405665,0.06308333457779
634,0.231531074995496,0.0760153247655211,0.0129262208654494,0.00304687214649225,0.0012790896957565,0.340454236234001,0.252185486666213,0.0343627886082996,0.0481989060227719
636,0.0802985648761909,0.383069401629625,0.145674279333584,0.0387634055908737,0.00332363548670514,0.068729729003723,0.117872310339993,0.0762560890104594,0.0860125847288467
639,0.934816535453426,5.67195283098243e-25,3.69787438925355e-16,1.07383769106945e-20,1.49837275449108e-17,4.51087181711751e-14,2.6105212349583e-14,0.000405592370357762,0.064777872176145
641,0.998372038047178,5.78325161480209e-25,5.63974293857629e-16,2.34134246302279e-18,2.83276529508192e-20,8.46938978044337e-09,5.35224386277327e-11,0.0016268396746536,1.113755255088e-06
644,0.135869004221178,0.157819321898203,0.115770337224602,0.0154648480104552,0.0854726467779208,0.10147974723727,0.115395653233866,0.195579657965998,0.0771487834305065
648,0.0926646398412798,0.144100625282491,0.110203870211076,0.167487069514853,0.00652149566450923,0.178322906151535,0.115348043310165,0.00607103516671472,0.179280314857376
649,0.261916790108818,0.125282851357022,0.020627599955048,0.0216503817868128,0.00223683033581814,0.108156237592277,0.306484856953408,0.122347530436741,0.0312969214740556
652,0.173308688978208,0.0211905338784704,0.00136449074295229,0.00270294611779676,0.00911445118897136,0.14649003486115,0.0129299606168259,0.211599053487573,0.421299840128052
654,0.468870180687531,0.0108139666275262,0.000733530750983446,9.25548280990095e-05,0.000256261176914616,0.0715408529128628,0.0389585736834971,0.0266521343466565,0.382081944985929
656,0.188112817880589,0.0430190201441823,0.0167573143525533,0.00724121031922583,0.0052105028220854,0.0931069334409122,0.219725508111871,0.401502047591845,0.0253246453367367
658,0.201255278457971,0.00794063025581633,0.029081528505867,0.000362684150638906,0.000134484085425662,0.0534073890956584,0.167745587564662,0.288923745041698,0.251148672842262
659,0.354956194195654,0.000684749523749694,0.00103117292583236,8.1195626890245e-06,0.000105156299740899,0.158668595959333,0.00318727507442363,0.199725961981111,0.281632774477466
661,0.457171745622209,0.190763079433106,0.00677015283063581,0.00535437134380371,0.00802675299168929,0.0399618314638121,0.0137639738344668,0.0815999846918863,0.196588107788391
663,0.486788273711627,0.0113130876594741,0.00905420703464333,0.0015722411935889,0.00285143133404897,0.0979615486760138,0.0680073593352362,0.103676278541206,0.218775572514162
665,0.172347539420397,0.0813848946804228,0.0888966188439343,0.0117137699950543,0.0142956986900129,0.064247143268316,0.0516510071491042,0.101310999983542,0.414152327969217
667,0.257086815570368,0.0301889315834408,0.0434601126481239,0.00093807561562987,0.0293880447495167,0.0826536961736254,0.147255092277611,0.365471134313887,0.0435580970677974
668,0.119725542484968,3.37854111116709e-06,1.74896200907154e-05,7.29120290463935e-07,7.71721392690376e-05,0.00220999027601476,2.48463784403126e-06,0.000397030336902325,0.877566182843509
670,0.199228726694201,0.00471209788294717,0.000449342819263475,0.000380545620332844,0.00136451745808132,0.19855020357898,0.0057893342311245,0.113273664145266,0.476251567569803
674,0.215659041903389,0.0401778290235687,0.000371224094561031,0.00122815446025157,0.00139915763210875,0.123840543805774,0.0101697876241799,0.395885741028585,0.211268520427582
675,0.163334034608355,0.152798665956971,0.0582241802388308,0.0143124530773399,0.0136544653599828,0.144101465898259,0.0650803190002434,0.0934639477793814,0.295030468080637
676,0.207125388098128,0.0926788107933096,0.0229390710316303,0.0153772613024073,0.0271585234933452,0.196626740637177,0.294096698865918,0.0744094377421186,0.0695880680359667
680,0.436672993908036,4.77423632586846e-05,0.00015405492994267,0.000117935048404819,7.28105020638353e-05,0.329394764174941,0.0729460643298642,0.0342641925792901,0.126329442164199
689,0.103810179050397,0.0930157091702475,0.0356915378929802,0.0463747836301645,0.00471799411382941,0.176810117787039,0.0657026916176453,0.0984438901654562,0.37543309657224
690,0.491539615247855,0.00148553448376268,0.00222477484467753,4.34610492235636e-05,8.38930571738201e-05,0.117122230026503,0.0244919851598609,0.255071558172409,0.107936947958534
698,0.215905438409745,0.118076445982186,0.0439001500963847,0.0107579275284976,0.0374934571757525,0.125153897782275,0.0596168079918422,0.228309503538664,0.160786371494654
704,0.309640912949997,0.0331398906468479,0.00741151984575933,0.0167214351922267,0.0119797726145456,0.336741407369403,0.111999429784636,0.101648423881334,0.0707172077152502
706,0.0258178353214933,0.00141911520867566,0.057413540482095,0.000151065424880003,3.96152564656075e-07,0.00969061421530815,0.510575329710438,0.356786999387685,0.0381451040968601
710,0.27478939804602,0.0659103835249239,0.00783045077938018,0.00243310923751757,0.0111531020650165,0.0649781950943236,0.194190798439917,0.324276984576283,0.0544375782366179
713,0.388748429843404,0.058691025311457,0.00271742819631801,0.00256379742282698,0.0150402678076498,0.186616421317986,0.0190021816554343,0.205349544621537,0.121270903823388
715,0.000754813812637582,3.0105229844212e-08,3.87106388014668e-11,1.28229089506491e-05,3.86964571615424e-07,0.99850500490563,0.000512661599644351,6.09204998082118e-05,0.000153359164817293
723,0.263383840004894,0.0212416969741593,0.00991526311075276,0.00110862533165215,0.000712120024960507,0.11113088414364,0.115113204307378,0.156685889260192,0.320708476842372
728,0.156155163503271,0.00625262039929281,0.0161972443010049,0.00188680782908187,0.00162380140938034,0.00434540345616369,0.0561546174842955,0.736362696364194,0.0210216452533161
731,0.405268013593003,0.014022351315404,0.00891061271127497,0.00078929711742768,0.00337824086163071,0.194066829188301,0.079227261495582,0.110203965923842,0.184133427793534
