"","Class_1","Class_2","Class_3","Class_4","Class_5","Class_6","Class_7","Class_8","Class_9"
"3",0.376037428285922,0.0246203510370785,0.0175303440918633,0.000578049858854255,0.0186524407610176,0.114403870995873,0.244088774435022,0.18923130047029,0.0148574400640792
"5",0.384984395704657,0.00338538322249928,0.00283272608509856,0.000122884277562711,0.00318682182913161,0.119180277225085,0.304793454507015,0.173515706840176,0.0079983503087748
"8",0.153805352891346,0.0219567536702407,0.0131318778477713,0.00090450470310209,0.00498239128203373,0.490425031118012,0.260485360204025,0.034975237396978,0.0193334908864912
"18",0.00889251384155438,0.00259377100280714,0.00157607970413233,0.00118507928089615,0.00156852137723283,0.953308611656187,0.0255398514108003,0.00157024254630493,0.0037653291800847
"19",0.572021880877159,0.00501809871578546,0.00284811396813659,6.76701009784126e-05,0.000645551337747851,0.0529202868830362,0.113856643059927,0.23736213988752,0.0152596151697091
"21",0.499875428192808,0.000144428926063502,0.000147570570730587,2.53973873792888e-05,0.000263513081158271,0.405076743051907,0.0301328723990379,0.0514770939517929,0.0128569524391229
"22",0.381931051017449,0.0101594065948492,0.00616409721673596,0.000151552399606755,0.00389160590707676,0.0321708002039152,0.0615701674722818,0.464261382520242,0.0396999366678433
"23",0.345238740103498,0.0100230829433961,0.00600584354512952,0.00011382678128972,0.00469804267416052,0.0216409835780343,0.0539373572134241,0.543598198450155,0.0147439247109131
"27",0.641919703272899,0.000142318742626122,0.000120354958803601,3.84308974464921e-06,1.95326716351967e-05,0.0278206787470543,0.00266563620564064,0.241256042895555,0.0860518894160416
"33",0.499226936405189,0.00456416958749336,0.00328499105506094,0.000141654118092115,0.00380373259971959,0.0694557260896121,0.0748664577644657,0.294912725723262,0.0497436066571054
"35",0.520517347831556,0.0043970188277342,0.00259058999156813,6.39585924533363e-05,0.000978613882277431,0.0326092209156429,0.0897259629079433,0.334741050733252,0.0143762363175729
"36",0.666821658638082,0.0028899150751891,0.00176304638456004,0.000119680047407721,0.0011146375645588,0.0979622225062724,0.0301697458080579,0.061211386239041,0.137947707736831
"41",0.00259549522386496,0.00026484173960029,0.000541901460558058,0.000636508684510924,0.00170527998434105,0.0711467919165264,0.00810308514175379,0.876842527911489,0.0381635679373555
"42",0.318258898019481,0.00393123601547678,0.00281849706482675,0.000264869613786799,0.00285115362416547,0.444584595216768,0.148409274741847,0.0679159256125167,0.0109655500911311
"45",0.563634894595965,0.00010492110301576,5.52101420739584e-05,6.0059712048614e-06,0.0002245611438125,0.000625173396015785,0.000517179886978132,0.360228981802775,0.0746030719581593
"47",0.55017177758479,0.00464914150372845,0.00325799294100152,0.000155393278040081,0.00238507581934826,0.124739767542803,0.0873495879225175,0.185732264809878,0.0415589985978934
"51",0.0106441426293788,7.91101147695801e-05,0.000106983681624124,6.79895809247906e-05,0.000638048122572447,0.021549503140624,0.00285122997751708,0.943948151632143,0.0201148411204463
"53",0.337360710377132,0.0142184926381408,0.00763366041633404,0.000137797489089173,0.00506012081937467,0.0149724345273198,0.0331206908891497,0.542322216268175,0.0451738765752849
"61",0.499968699819575,5.77774555238708e-06,9.00523937730427e-06,3.26155682473162e-06,0.00011238264821042,0.0129717570261941,0.0157690491651783,0.470416188509056,0.000743878290032173
"64",0.195581274938304,0.000429759723874189,0.000305979927589299,1.81874865590379e-05,0.000957609998914856,0.00422871992815813,0.00862492716481142,0.772698682282843,0.0171548585489453
"65",0.110865109728855,0.0461487141509324,0.0371472008226432,0.000401645852635652,0.00117365013141485,0.0192708046572319,0.381744481246977,0.400217939114352,0.00303045429495754
"71",0.143430862780883,0.0451644507978515,0.0334936159539204,0.000845531714760888,0.0241235573039393,0.1597378013391,0.50643841066366,0.0806936292705363,0.0060721401753479
"74",0.719770292303537,0.000331390414558578,0.000266223028017474,1.97805991753742e-05,3.36836998032474e-05,0.12396770150815,0.0102204949601104,0.0190805731363803,0.126309860350268
"75",0.232724164970033,0.00174697799625901,0.00146000234609896,0.00017588605878784,0.00498934324321945,0.627110539190562,0.0931713243722902,0.0297534789854344,0.00886828283731517
"76",0.295024876515621,0.00432310228187445,0.00267867011989301,6.68964208633017e-05,0.00262805301667742,0.0179266569481342,0.0435728676551083,0.618155100484237,0.015623776557591
"83",0.321373071874951,0.0031425255828133,0.00236162886827547,5.79721592842301e-05,0.000643946528701373,0.0915682108513236,0.393887965374995,0.181317761421725,0.00564691733793002
"85",0.113207978948985,0.0067300936606905,0.00973662823422379,0.000242390051788924,0.00256462586865473,0.0563441725765331,0.655068792739148,0.154786349818834,0.00131896810114125
"88",0.343573421185352,0.00747421276895558,0.00488657031644668,0.000120835017127832,0.005121793501567,0.0220126329460749,0.0711056135239275,0.532695429025334,0.0130094917152142
"89",0.30278915441593,0.0040514580322259,0.00241077151647702,4.0305297843207e-05,0.00121176340731848,0.0208070141573053,0.0730133254850736,0.57994289108603,0.0157333166017964
"90",0.747568164467577,0.00104412354081895,0.000705653027913789,5.34881570381699e-05,0.000425992221149722,0.117792221035744,0.0433466503704968,0.0515845395975125,0.037479167581749
"93",0.357786990930767,0.000592491898887319,0.000575642250623071,8.13823833150719e-05,0.00160879553091628,0.472731324225918,0.0666484070294443,0.0764350459142338,0.0235399198358955
"110",0.0701754875163976,0.00123804645247355,0.000955436732460771,1.05762806035225e-05,0.000527535137954114,0.00234650895230033,0.0125153368299517,0.910662828761432,0.00156824333642674
"114",0.346004316440337,0.0123290935485197,0.00725913397656788,0.000152989746501726,0.00607122642653243,0.025995766332224,0.0520366635981099,0.521247963129147,0.0289028468020606
"115",0.675685697316451,0.00124135168310018,0.000863682926049717,8.45917056356792e-05,0.00100857308940821,0.103538890626616,0.0247858281012901,0.09653333871813,0.0962580458333192
"117",0.219932216673822,0.0242870515953308,0.0124528645010241,0.00156075674398,0.00174377074005412,0.131259817317897,0.0641916354376859,0.0228544860525383,0.521717400937667
"118",0.523499455411925,0.00421638799085321,0.00260580628926542,0.000180629379528502,0.00220042908617957,0.0848751454228061,0.0219762756878806,0.128327400550609,0.232118470180952
"133",0.184579859683532,0.0136283779187361,0.0110981046631148,0.000285847861250515,0.00645777282125912,0.0600637965225516,0.543425372042144,0.177521846209935,0.00293902227747642
"136",0.487461492639619,0.00138051018193284,0.00098621312515194,0.000102558057342819,0.00179680718539545,0.0992638724970987,0.0147206594832125,0.110548613433758,0.28373927339649
"137",0.329510523467852,0.0121696143493289,0.00832526196182451,0.000206344412205453,0.00654024573270369,0.0437688272879366,0.204578060682615,0.389234864732208,0.0056662573733252
"138",0.0139783783729536,0.000245196125837992,3.40487034561349e-05,0.000141766678125382,0.000182580747709032,0.00253691402487874,0.000140579459125119,0.00669613615440545,0.976044399733508
"140",0.00331400286547021,0.513600640024207,0.395751347252945,0.00303578209110082,0.00214078645017371,0.0131326589644426,0.059487766388932,0.00649372193197667,0.00304329403075211
"142",0.0513928620029874,0.331114298320712,0.148932095015466,0.00178839141085338,0.00891512067622062,0.0616242301816258,0.332480788851815,0.049064346788971,0.0146878667513489
"143",0.418326384855289,0.00997661186418005,0.00707155012322491,0.000252094698194316,0.00429244587626253,0.0791245065942894,0.186466413219176,0.284616530494023,0.00987346227535994
"144",0.375706119110078,0.00447153868565637,0.00260165830032198,5.41434821305496e-05,0.00152456799099951,0.0197114043862465,0.0248914941466437,0.53605726839837,0.0349818054995534
"146",0.318995452474897,0.00263919058623056,0.00229361186733122,0.000150086057405106,0.00367536371751754,0.196095226257761,0.235489808322138,0.235353824758193,0.00530743595852736
"147",0.905712580242692,2.23548891551537e-06,1.83104674094526e-06,5.47721573111256e-07,6.69777704066475e-05,0.00311565036751467,0.00250340467878643,0.0867368244057159,0.00185994827765455
"148",0.198870137913106,0.0216344418298007,0.0126270302952341,0.000193094741217546,0.0116427127649507,0.00994624426173002,0.0608022511586447,0.673354024523845,0.0109300625114715
"152",0.455522006239817,0.00791113731755688,0.00435125389380629,0.000119520694927649,0.00186152083693808,0.0305545703243641,0.0238122850240693,0.333672295213335,0.142195410455186
"157",0.0293406739595797,0.552212359959913,0.207524104268071,0.000904440206138346,0.0117163401282444,0.0171278500502428,0.110400252337809,0.0610519844986855,0.00972199459131599
"164",0.0845337172020148,4.25415437005685e-05,0.000124749993646605,2.12189034988349e-06,6.76532754103568e-08,0.00377363109785563,0.899223742652487,0.0122815898930742,1.78380735962245e-05
"172",0.00433804079971631,0.634376586744267,0.289215821453276,0.0019972467178468,0.00304354438504732,0.0106057518111752,0.0457136708730589,0.00632980831494518,0.00437952890066769
"178",0.237749770369497,0.134990108047925,0.069761824512468,0.00128631929106718,0.0249672670011743,0.12280998415024,0.230042492581234,0.14343945653157,0.0349527775148249
"181",0.484774952285639,0.00315810774100856,0.00179104206156012,9.51236267270259e-05,0.00118562585700087,0.0398860374806676,0.00976954656106648,0.207246209338672,0.252093355047658
"182",0.565559712399612,0.000133479913044898,9.77059577481373e-05,3.8023588638696e-05,2.69443572656716e-05,0.103020059509984,0.006470726462674,0.0110115596073241,0.313641788203708
"195",0.900328198151105,0.000539872315447946,0.000290610696456252,4.16599052828168e-06,2.55236900355787e-05,0.00837276665624555,0.00319253327037832,0.0452815531878309,0.0419647760419724
"196",0.532773023455778,0.00350908051984405,0.00252102096914071,0.000123300185444335,0.00275178775894262,0.111314794156043,0.0764071210054303,0.231798579104546,0.0388012928448306
"198",0.00550805286283902,0.000111321558580404,0.00020459486075663,3.12824861858831e-05,0.000281663904361796,0.00707611860491344,0.0049377038446109,0.977821157367095,0.004028104510657
"201",0.00148345033555194,0.000297415164209684,0.000392215837202102,0.0062177289192972,0.00294638800409241,0.736589320997904,0.00832236278822158,0.187061979684038,0.0566891382694827
"210",0.674665993330778,0.00041811425747967,0.000314460766484112,2.72217781356241e-05,0.000260210856562717,0.087269618571151,0.0119070556971178,0.144075078179724,0.0810622465625678
"213",0.460669581122151,0.00256976513971662,0.00189868406184619,0.000100795736370536,0.00131564716434709,0.1280973208397,0.110912602693127,0.277671415546976,0.0167641876957653
"216",0.0242717595336837,4.89703004519777e-05,6.01611915804409e-06,3.90551013105083e-06,3.64671367171549e-06,9.54059041176988e-05,3.64478839709416e-06,0.000201325522133465,0.975365325608255
"218",0.394120633702862,0.00216411403212679,0.00127318033991262,8.6334292805685e-05,0.0013106922385822,0.0617361278839317,0.00874321172876229,0.158673875983108,0.371891829797908
"219",0.384307003987904,0.0127478853325034,0.00808176193610691,0.000189071558486073,0.00529653507451089,0.0390104505109783,0.132086884712706,0.410513763857655,0.00776664302915033
"220",0.560534490015333,0.00174174034409674,0.000942150718960948,4.47257067392305e-05,0.000550102640186193,0.0438470825577736,0.00736223584278821,0.0916788177435195,0.293298654430602
"221",0.357508327988415,4.16025498013188e-05,7.314159969091e-05,1.5541422795648e-07,1.77296100202586e-05,0.0050052440654984,0.0305144835050197,0.60669652139364,0.000142793873686787
"223",0.432692203624476,0.00421505307071413,0.00315465487676155,0.00037404156722168,0.00588014436616867,0.157063186217695,0.0520673186049628,0.0472889861763922,0.297264411495608
"227",0.714658746463983,0.00023244732907786,0.000283928387034404,2.29363980776297e-05,4.59297175401459e-05,0.157350683604701,0.0699480529754258,0.0480848904998812,0.00937238462427968
"229",0.296326957430218,0.00564630901017586,0.00365674430093373,7.04966750357492e-05,0.00267531348416323,0.0267382188202116,0.0917063255215712,0.563645682902197,0.00953395185549343
"231",0.44288432207467,0.00292388320866266,0.00157246098189351,2.87856684053296e-05,0.000772961523564501,0.0204109213531076,0.0428692358068471,0.46413081923561,0.0244066101472383
"232",0.151199879409605,0.00153836664978221,0.000799676726198672,6.99925029002496e-05,0.00130871909198781,0.00206302703668242,0.0100793667272458,0.808645618009099,0.0242953538464997
"234",0.607572255628683,0.0020367642691576,0.00146635439215555,0.000124892056955738,0.00153419126830362,0.148288156891737,0.0306786909704345,0.144675848846055,0.063622845676518
"241",0.572814162758702,0.00189541968960219,0.0012479068386606,0.000133398913300125,0.000983835405604664,0.201726939262494,0.0437379828146095,0.0342156998063534,0.143244654510674
"246",0.00387774112747507,0.662625025464455,0.269010208062682,0.00217744769607139,0.00331761490044403,0.0111029995316621,0.0383093809302162,0.00534459609358121,0.0042349861934132
"250",0.440589448968338,0.00657918521899095,0.0037500438632404,8.59761710400349e-05,0.00210006193144317,0.0201842488791142,0.022268622418336,0.396119431568793,0.108322980980704
"251",0.203032793273364,0.00342228642648554,0.00206583543152421,3.28057781718941e-05,0.00204075645792911,0.00945822056970162,0.0343652010710835,0.736010117845008,0.00957198314673173
"255",0.485549408808229,0.00942257921850936,0.00588863071477132,0.000171223088032119,0.0026186122344455,0.0601048524874443,0.0788091169387061,0.30356460761495,0.0538709688949116
"257",0.4392938714126,0.000983767239968364,0.000687708758156348,8.04268101714827e-05,0.000713371798248306,0.0897072867906516,0.00816199220185921,0.0989919347972154,0.361379640191129
"258",0.931184401978634,2.07346539004565e-05,1.86944332841997e-05,6.6123100696646e-07,5.24619268012011e-05,0.0248117666743359,0.00186412089579023,0.0383920773806871,0.0036550808255601
"259",0.0670089967328321,2.53262699121557e-05,4.80893153563374e-06,7.30436503015039e-06,8.07734248443901e-07,0.00121598134246057,3.42857966474377e-06,4.67562063933606e-05,0.931686589837923
"260",0.000574678046471467,0.000160350258629929,0.000151847852196682,0.00341694972090631,0.000260055212664734,0.959250511683989,0.0026278744306567,0.0230410646299648,0.01051666816452
"266",0.4749218439092,0.00481828881055392,0.00333046616349533,0.000142611829191649,0.00422887385018648,0.0582220909915094,0.0539116928102146,0.326816431474751,0.0736077001608977
"275",0.420909864210028,0.00856501465866737,0.00616374362746246,0.000261679475030114,0.008302482503941,0.0963056888067449,0.110479494598169,0.317083673460114,0.0319283586598431
"276",0.966929338804859,1.23291719232376e-05,1.4547250032564e-05,4.1717320769122e-08,9.50050872658361e-06,5.49078231456259e-05,0.000885947563730492,0.0319595879630007,0.000133799197260802
"281",0.0215822142381072,3.65714867913006e-05,4.54459709113655e-06,2.99407206967337e-06,2.58403415163182e-06,9.76097586374689e-05,3.18651779999256e-06,0.000119503532680626,0.978150791762671
"282",0.010455823075188,0.00025776847925015,0.000440899702480019,0.000954899315416339,0.00169920426066007,0.172731761368287,0.0144146045103885,0.686573698559558,0.112471340728771
"286",0.955726199267855,7.16568518658643e-06,3.61601617511319e-06,4.99957264497378e-08,1.48778655801393e-05,0.000101858812534919,8.35725022236956e-05,0.0423734690571775,0.00168919079754084
"287",0.552776236384822,0.00467261855967673,0.0033047017771889,0.000199612936572296,0.00313738199237706,0.181943609794957,0.0919725080889896,0.107719094657708,0.054274235807708
"288",0.10973581047158,0.00193124985478204,0.00155185191878209,0.000213891604710494,0.00224420173718944,0.755213946165645,0.108034356998314,0.0125033947468958,0.00857129650210131
"289",0.548951802202021,0.00468634575002944,0.0029267328648564,0.000142501097940021,0.00604866613524886,0.180111231192211,0.0473247097824572,0.178337544715996,0.0314704662592394
"290",0.650486637627758,0.00360390367005594,0.00236863842663757,0.000117127647789249,0.00127688898838416,0.121482421643591,0.0795554844432673,0.0919381872163245,0.0491707103361924
"291",0.248640509541357,0.0105274458422231,0.00783756100094198,0.00023678328544413,0.00273342114362136,0.0648443332858639,0.39467080855807,0.266960853270465,0.00354828407201351
"293",0.514811878343446,0.00555231795075528,0.00378959892862041,0.000130851480580243,0.00183373667446537,0.0849314250706666,0.0883703160204399,0.26955236236078,0.0310275131702465
"298",0.435878016306097,0.00745208577077244,0.00408262491859165,9.23383684944382e-05,0.00154975943262504,0.024381321881326,0.0229771318824043,0.387286103479633,0.116300617960057
"299",0.0139225088313962,0.000682023578123417,0.000314732488853244,0.00123214533143605,0.000846802510618445,0.273141519653633,0.0082419323826085,0.338590183652866,0.363028151570465
"301",0.55574171885925,0.0123912536642324,0.0078369008316607,0.00031358752622244,0.00205685071588653,0.125058462211333,0.092696776238656,0.105195128797985,0.0987093211547747
"309",0.0563533471734807,0.412525225566171,0.181627784746977,0.00125970522078428,0.0147263177842396,0.0348939126157829,0.211772887886784,0.0758100319580715,0.0110307870477093
"310",0.512069149149353,0.00698401918233348,0.00488666010329582,0.000227979218920332,0.00394933395984828,0.154525586628196,0.109412042261538,0.161217795400911,0.0467274340956044
"312",0.268203072979156,0.0133674281941218,0.00752040445602905,0.0010713066232018,0.00233383637521067,0.164289781367463,0.058484879719474,0.0246700478719393,0.460059242413404
"318",0.367816267702449,0.00299441647742358,0.00227794803465068,0.000159438934688816,0.00324343224348829,0.28881268773747,0.194673070395684,0.131298748875262,0.00872398959888426
"320",0.330237396290988,0.000491887714675234,0.000473297798749652,9.37623955454154e-05,0.000705166143811993,0.498421206287166,0.0540453967397123,0.0867476245328448,0.028784262096507
"325",0.0760393004165959,0.00337562475252131,0.00301601386883898,0.000125895226956043,8.0097599387075e-05,0.0896284430305757,0.814248314450111,0.00937225754318155,0.00411405311183241
"326",0.251950957078033,0.00603800480737356,0.00361479134461283,6.45842123365898e-05,0.00675272518634002,0.00852908572284387,0.0174253585625239,0.691188119558327,0.0144363735276093
"327",0.257876210834261,0.000233201886677816,0.000241215093624649,1.49308556965947e-05,0.000292444804741336,0.0839556918696882,0.0536396582471047,0.592517799690483,0.0112288467177228
"328",0.000177831925443595,6.87622235795177e-07,7.09135840561474e-07,0.000351216030201446,2.13124800136714e-07,0.996840476801828,0.00109663426159782,0.000225931516726928,0.00130629958132536
"330",0.00050506243234486,0.00013670299064907,0.000109144473240927,0.00313564449750505,0.000250363982462455,0.972326329803909,0.00193687237098334,0.0141082457204587,0.00749163372844648
"336",0.322814450690441,0.0649426376386701,0.0341609463043099,0.00134785625196894,0.0111136255604492,0.263367544614175,0.193315539415526,0.0633314070333347,0.0456059924911246
"339",0.463896990570149,0.00358605163877107,0.00255198415074441,0.000252100383719223,0.00478261399549251,0.120489446064827,0.0285658914546256,0.0765408776357954,0.299334044105876
"342",0.00238612890308535,0.000312162853101558,0.000546361417570782,0.00235254390832326,0.000788561267174245,0.665754536088301,0.0159963920527335,0.267077432283975,0.0447858812257348
"345",0.281369729700336,0.00779553581560489,0.00454746458573645,9.10124426370013e-05,0.00347915199462442,0.0147681101026879,0.0584847384329359,0.620177002565873,0.00928725435956432
"356",0.00412870396028185,0.71028803726246,0.223134923818596,0.00198001483335469,0.00342767793786322,0.0121546762833475,0.0353978472136045,0.00510204590770676,0.00438607278278506
"361",0.367650136573475,0.0166356277719299,0.0115674741332842,0.000532750582615056,0.0127756687357457,0.220580203771031,0.200873447969568,0.150788393107494,0.0185962973548568
"362",0.452332336179361,0.00160704870243793,0.000901436439710243,5.96276196596624e-05,0.000604961451735024,0.048600269156429,0.00654307584390679,0.133367752882591,0.35598349172417
"364",0.564040008820452,0.000928729252870981,0.000702527096606165,9.42236743600067e-05,0.000555987013546013,0.25659658370797,0.0402704544449985,0.0927786563338266,0.0440328296553699
"366",0.150130002254725,2.59075951803103e-05,2.37756318975346e-05,4.87742430123092e-07,5.54009417615113e-05,0.0261149659610751,0.0140848675382635,0.806825316068517,0.00273927626615003
"367",0.669573233930221,6.90476586198619e-07,9.24843951046081e-07,1.75582489356655e-06,0.000104575715145915,0.260853462595224,0.0202624116085497,0.0458648054390798,0.00333813956634865
"369",0.0401275331168894,0.000537999999064695,0.000297245539245961,0.000997376275828355,0.00646631058576072,0.0854537031691998,0.00958335513402887,0.439582350659767,0.416954125520215
"378",0.616824601281941,0.00264894290753856,0.00176186042906259,0.000156713100166594,0.0012191283077185,0.132239274154651,0.0311664819121074,0.0658076241814735,0.148175373725341
"384",0.33114374530491,0.00180114791766899,0.00133765241695333,4.65475764677887e-05,0.00210179171890788,0.0541470978145623,0.0525566079400929,0.539632653394913,0.0172327559155244
"385",0.0472375234285611,7.33019929822399e-05,1.21466953872476e-05,0.000124497748600563,0.000316538029645694,0.00283774539971457,0.000156641243589685,0.00916421610229028,0.940077389359229
"391",0.217242904857094,0.000625312641618518,0.000341639691584202,1.89248713602208e-05,3.77293566672042e-05,0.0163390470664613,0.00131478122047615,0.0226253632406354,0.741454297054103
"398",0.499077866960925,0.00320906163054017,0.0023623791673029,0.000122110849198095,0.00371848979612421,0.0766610351664991,0.0522804672099604,0.311092451705842,0.0514761375136075
"399",0.404935571159271,0.0147508835166479,0.0106991854802327,0.000299975938472233,0.011413085266898,0.055191174235663,0.20296450826407,0.291382030448371,0.00836358569037364
"403",0.273632678154918,0.000351758447773289,0.000307633108042008,3.28079152078722e-06,0.000126278026281845,0.016086688031929,0.0322229519026558,0.675173200187572,0.00209553134930707
"406",0.530279365497104,0.00470333636532358,0.00251556424273894,5.03183478935904e-05,0.000739503988020947,0.0423773794251436,0.102449105978145,0.299763239170579,0.0171221869850523
"408",0.870336338041812,4.73015374709773e-05,6.261990950499e-05,2.28332701958122e-07,1.35360018046947e-05,0.000455206871693579,0.0192857689802206,0.109686201167744,0.000112799157046536
"411",0.962397687693157,3.38900271970906e-05,1.59662074613316e-05,9.87337262699575e-07,4.6984791330022e-06,0.000750841979025814,0.000396240179218037,0.0117640673480276,0.0246356207495176
"414",0.0798670127496588,0.00981809843231044,0.00777795592252644,7.49183226587346e-05,0.00138348134700667,0.00569807886931116,0.0887677629476276,0.803983621412545,0.00262906999635472
"416",0.000480980167295193,0.000965277043748645,0.00167213650041937,0.000525156345653316,0.00109010697984793,0.0106224362021837,0.00518097000684244,0.97300157273351,0.00646136402049922
"417",0.0154925549840866,0.62583985468812,0.204937678153715,0.00117115256819179,0.00524780264275488,0.0150170791008798,0.0979616068246764,0.0258602613588551,0.00847200967872019
"419",0.246401749703176,0.0104711150697832,0.00682207333186946,0.000103543828419439,0.00212612382222131,0.0363480222890539,0.220797826469118,0.472181111406012,0.004748434080346
"424",0.00419958478414427,0.710504600032612,0.222300008866683,0.00198391043461058,0.00349879990926422,0.0122514075475257,0.0356882230401693,0.00512816848425004,0.0044452969007416
"429",0.00494211687513979,0.000460581733928549,0.000503966374067002,0.00100843114766308,0.00450150898027757,0.0722500788035439,0.00437982157741715,0.719873442420543,0.19208005208742
"430",0.483988352177316,0.000988295921890229,0.0008150351722797,9.32597925374228e-05,0.00262816742206034,0.316262731418705,0.0289643374605403,0.122155001827118,0.0441048188075527
"432",0.0145545744324033,0.000570025860129951,0.000305627153649254,0.00269769844051725,0.00550904725668652,0.413458153609794,0.0180717879466115,0.132689897033697,0.412143188266511
"434",0.416909504479479,0.000639734457036426,0.000438803498035662,1.42509362168589e-05,0.000181948956197671,0.0335903316984123,0.0430679997407599,0.497069387877574,0.00808803835628852
"436",0.00894423652139638,0.000418484573973478,0.000393933702232989,3.44062322337252e-05,0.000413121098617488,0.000606477038563204,0.00195416075342868,0.983671578097951,0.00356360198160319
"437",0.502869973544257,0.00407804434862979,0.00268689025371626,9.24681650492383e-05,0.00101473361303435,0.0519806393405847,0.113887644033265,0.306063276289574,0.017326330411889
"441",0.455024749688458,0.00629998249230428,0.00419277976830592,0.000165151036298479,0.00448305473144838,0.0862085762746971,0.0696827639719273,0.342431845908397,0.0315110961281631
"446",0.276648108949775,0.0208459806142059,0.0146561989760143,0.0005489218269115,0.00387904629768327,0.166341774801221,0.370626287295707,0.125279628485504,0.0211740527529786
"448",0.28740950066374,0.00540468125012881,0.00386884636509468,0.000344422127421273,0.0018217031548465,0.388668254188692,0.234510544574235,0.0568668353896219,0.0211052122862192
"456",0.289437091874795,0.00989395029689791,0.00626552040019548,0.000648454415215611,0.00233756802625668,0.526383470061648,0.088633441341872,0.0305314095450359,0.0458690940380839
"462",0.376444044892687,0.0233552320997243,0.0129332174022293,0.000271060993647006,0.0133575851665253,0.0331701822330509,0.0542047071565599,0.438231748606003,0.0480322214495734
"465",0.544768514657503,0.00637707658161145,0.003231767227289,0.000139673629460282,0.000563114294230145,0.0504332173635381,0.0123600515403181,0.146224452581812,0.235902132124238
"466",0.410354767543782,0.000444384645624892,0.000363502348913731,5.51740016140814e-05,0.000658732713436433,0.424217259023951,0.0189858221714666,0.115500865552371,0.0294194919988407
"467",0.450731549470668,0.00117206872029464,0.000998345601541239,0.000130243550352667,0.00190505780100126,0.376581693377065,0.07529222503113,0.065634241005227,0.0275545754427199
"480",0.515306080681235,0.00421034222802951,0.00233473850751214,0.000100675740444572,0.000574806730625605,0.0293612352361084,0.00910587409007603,0.20859693146937,0.230409315316599
"482",0.470166894169271,0.00421924008284167,0.00270979747719568,0.000280170533494292,0.00198413359778949,0.274622622129716,0.0391623028826999,0.0343760962193919,0.1724787429076
"484",0.160168097145991,0.0117473859008055,0.00820789306570612,0.00011250357737041,0.00307722640264774,0.0102910348035128,0.0937461407165444,0.707083199543542,0.00556651884388039
"485",0.002793493901801,0.000267050008133678,0.000543270147326208,0.000666320189429691,0.00175003859375386,0.0761003697852749,0.00830781064687809,0.86775568913583,0.0418159575915726
"488",0.480904843385459,0.00212518688389832,0.00163601026020222,8.99966336623459e-05,0.00219617000185022,0.129880951387014,0.0765903526368877,0.285674171410562,0.0209023174004642
"490",0.50137674303235,0.00498320751476452,0.00259664518523662,4.86962697967111e-05,0.000517942758191553,0.0120155112585089,0.015383452392523,0.369372641842485,0.093705159746143
"500",0.00174122484227595,0.00057797175348527,0.00147310458490749,0.00227783152444724,0.000471833241107644,0.689371973180195,0.0752926315953123,0.208921880730305,0.0198715485479647
"501",0.340060886892055,0.0237834011112296,0.0168693143714088,0.000553582963325176,0.0225758986672136,0.13403719870989,0.280095390071875,0.174240912576288,0.00778341463671573
"503",0.406562059748867,0.0084487236528827,0.00615675880929157,0.000228629332407276,0.00233353251176683,0.115937778148693,0.255533138182531,0.191446768957645,0.0133526106559151
"504",0.222177448673824,0.001058697259115,0.000712800731525062,5.96244964532055e-06,0.000107680343462664,0.00625067514411553,0.016209756447352,0.746284448414921,0.00719253053603969
"508",0.575974886897843,0.00226380943928214,0.00151688278842167,0.000134481284660971,0.00172111814143146,0.0752266422042705,0.0174185910659684,0.106081447474973,0.219662140703149
"517",0.366138526250703,0.00885094763402,0.00611162138810757,0.000219541749656706,0.000969371073882145,0.115213876571915,0.340834719868237,0.147692570481455,0.0139688249820243
"520",0.408380079236501,0.00512415937144261,0.00372499364589589,0.000209555299101655,0.00335648254126103,0.170285151966579,0.165023286177408,0.231809113584644,0.0120871781771662
"522",0.0426890794778064,0.0389522974071394,0.017248322088759,0.0033889019429743,0.00269609553908357,0.748472262057948,0.0885253862029731,0.00529363463993869,0.0527340206433773
"527",0.00171463434022682,0.000588274110548903,0.00100946833155965,0.00128278554489955,0.00275661548088809,0.0999014465274674,0.0122601806368393,0.832158188521593,0.0483284065059773
"532",0.00216816279776555,0.000343572026130462,0.000350546738674248,0.00295460682211973,0.000714909304161455,0.728209589263626,0.0113538312962382,0.19820279218653,0.0557019895647543
"535",0.258746709379578,0.00864280610236183,0.00618517669489902,0.00024251511615199,0.00128191787063205,0.0884622229885846,0.439906944457086,0.190985796013298,0.00554591137740786
"551",0.18221544324017,0.000712818971943068,0.000581959212802488,7.71518781269474e-06,0.000181613624755571,0.012756017611991,0.0329354524705225,0.766836746239622,0.00377223344038125
"556",0.477846244740021,0.00502824409350809,0.00307797466321656,7.86860286146124e-05,0.00165162250451695,0.0255485662056593,0.0313393266195614,0.393058513748443,0.062370821396459
"558",0.331433919610099,0.0137440209065724,0.00824654296158114,0.000151876825802716,0.00778598605198189,0.0216799540811221,0.0681638897791813,0.536053713729815,0.0127400960538436
"559",0.639453702541174,7.10723560815201e-05,7.36330879061883e-05,1.73475664484376e-06,0.000245737908702585,0.00104838085200571,0.00222953770603493,0.353874392790979,0.00300180800047147
"563",0.170122547226078,0.0411583836249271,0.0232345284768778,0.000319057435051107,0.0113342209360222,0.0115725562117133,0.091679028128331,0.64051122520701,0.01006845275399
"566",0.673224431903406,0.00071779618214042,0.000513137613478287,5.47045514199767e-05,0.000493621849154578,0.0879462407296092,0.0180250788134225,0.113216799586628,0.105808188770741
"567",0.656781959765117,0.00115313243524515,0.000841075627031102,9.27764306039549e-05,0.000828198156264791,0.14033240413527,0.0353794628399001,0.100291086102599,0.0642999045079693
"569",0.0489269228034863,1.8520636770343e-05,4.03697674970184e-06,0.000128695944895076,1.94016166147883e-05,0.00397270825655409,3.21339038225747e-05,0.000335056598066639,0.946562523263041
"571",0.701239153411362,0.00288633542725714,0.00176536324135038,4.70232133931615e-05,0.000716183250162954,0.0612310120945857,0.0968958311169277,0.113663355241264,0.021555743003697
"575",0.212492233201561,0.00132095461844228,0.000546747294564262,0.000114175613909256,0.00570469190133113,0.0685055018984886,0.00163908551058648,0.142822105605011,0.566854504356105
"581",0.517692609229623,0.0030445998312853,0.00199700776512041,4.83066841203213e-05,0.00100119688432537,0.0746216384154239,0.211809674984717,0.178468694851387,0.0113162713539966
"582",0.994371590227006,1.42228539397187e-06,5.82818013987867e-07,4.48172617843405e-08,3.63211116878633e-06,0.00041999418362046,4.4738279580543e-05,0.00114981994449101,0.00400817533346351
"586",0.22119883399188,7.27194858624287e-05,9.01947294883714e-05,2.39779011234084e-06,0.000228675584978552,0.00257986119327925,0.00654129295417726,0.767496149220764,0.00178987504945769
"592",0.226926327927619,1.71956366921773e-05,4.61281192386475e-06,3.50469384064673e-05,0.00043247123676916,0.00339240521049909,0.000161189192023528,0.00402792805416654,0.7650028229919
"595",0.00391410087654811,0.000360536302115298,0.000545237671710633,0.00130285792427394,0.00309267803777646,0.147399449427618,0.00791289810826527,0.723399040168374,0.112073201483318
"596",0.0254433430396659,0.562550371959657,0.192139282345814,0.00120714497123227,0.00523522334811556,0.0240711339948941,0.13804490512875,0.0402944842565831,0.0110141109552879
"598",0.557094974892442,0.00363463690697596,0.00268473787539998,0.000110740623053203,0.00445456364674172,0.0575052276595754,0.113905414221862,0.214967380052465,0.045642324121485
"602",0.00331014187706792,0.000415024428829438,0.000763327489560114,0.0015370397600906,0.0036131792013002,0.13425246653099,0.0105992070201066,0.751295700870696,0.0942139128213589
"610",0.00247853821576549,0.000641119184973492,0.0011581019688011,0.000891420271250101,0.00185441136984666,0.0689229906614416,0.012176859937306,0.874783559692254,0.0370929986983619
"613",0.3872154817551,0.00876437124237073,0.0064063146356405,0.000386767294875907,0.00661537438562122,0.269327706149819,0.176921404598445,0.120236897522464,0.0241256824156644
"614",0.233766577702583,0.00177208262118071,0.00150831494251741,0.000107396888028782,0.00121243065576339,0.266960711071889,0.319887345628389,0.17088866632121,0.00389647416843775
"617",0.0164427614838914,0.000222430073788773,0.000318265676194382,0.000129756531859513,0.000252532891192084,0.0191778162782402,0.00720750150263249,0.938993768570427,0.017255166991774
"618",0.00238282206552407,0.00047697442342554,0.000851803090782047,0.000967812551628892,0.0015793163081908,0.0668948821605508,0.011016992955576,0.873794313774888,0.0420350826694341
"620",0.269230012916268,0.00199401833043398,0.00128790874101261,1.79501941300278e-05,0.000807987570941833,0.0150717673455023,0.0454670200967783,0.657265961308444,0.00885737349648915
"623",0.375096275338939,0.00887703241856781,0.00677958790526665,0.000271936299891151,0.0914573909255404,0.0693811274874295,0.0726081345485027,0.35706043779536,0.018468077280502
"625",0.0121470847290231,0.000335825031274041,9.71493631022365e-05,0.0018317724640889,0.00205216491589462,0.0310152718064935,0.00112725156517953,0.0365164494193849,0.914877030705559
"626",0.000871555738039561,2.02065263349809e-05,2.1733151284303e-05,8.29534761638322e-05,1.08507039819894e-05,0.9935280325871,0.00507300742594615,0.000242804685215638,0.000148855705933605
"627",0.509855999058649,0.00235951302712136,0.00131832733339407,8.00463068546692e-05,0.00128674496378345,0.0483305862005851,0.0102285036919334,0.153747012192729,0.272793267224951
"630",0.270995395451549,0.0241999748890332,0.0178610090594522,0.000655479436025444,0.0316564117377583,0.182643936628403,0.331424151476243,0.132500841684925,0.00806279963661026
"631",0.527338888474527,0.00101227630052866,0.000797934107868247,8.11912777108875e-05,0.00163425746048998,0.123503443466891,0.02574055148189,0.256370266609334,0.0635211908207597
"632",0.425041950466292,0.00451242320637823,0.0033505420205585,0.000109573263525123,0.00213905212030234,0.0675594187938221,0.176866794596395,0.311273775604463,0.00914646992826316
"634",0.105784928192747,0.00895830070233401,0.00806202465705514,0.00028316511875166,0.000556730225942046,0.103388649914223,0.716793042069872,0.0512430862992883,0.00493007281978666
"636",0.0411583022999708,0.402050714979767,0.165032797721996,0.00163435550162564,0.00533328059875613,0.0431559458268227,0.292767486134275,0.0389066152338084,0.00996050170297929
"639",0.0187335546431134,0.000505710842336294,0.000280885404181615,0.000910514382869671,0.00549095209945075,0.0400410763540835,0.00217386864047801,0.424890523725369,0.506972913908118
"641",0.00173997117292301,0.000371324345007698,0.00071794990425273,0.000791015353180653,0.00284435285724642,0.069847653116849,0.00843162090075505,0.875958138088328,0.0392979742614575
"644",0.15811192438639,0.0282856993348151,0.0237472768317224,0.00063165821144793,0.0369650517541063,0.148046304298218,0.511782748033119,0.0879486558680689,0.00448068128211274
"648",0.0151904895617,0.423146978958505,0.182829683433893,0.00614717705983386,0.00392601643855571,0.10764885522912,0.241420497266823,0.00575143479226916,0.0139388672593009
"649",0.25594429125154,0.00853411049701883,0.00599096948962425,0.00024148101944505,0.000736398186971775,0.114618226672023,0.46340796100363,0.143491258317744,0.00703530356200378
"652",0.436880697009043,0.00135606135493738,0.000933126660381913,7.45378687606883e-05,0.00201447018626361,0.115932493666467,0.0103309753162125,0.316218237498226,0.116259400439708
"654",0.645196944068038,0.00281131904607049,0.00173926295297043,0.000128146805646075,0.000982868318994863,0.113767227382053,0.0281850322471969,0.064693030982408,0.142496168196622
"656",0.0884949958752772,0.00375334806597906,0.00640506820548743,0.000194420935379862,0.000536735562399252,0.0643452175998965,0.650448393178213,0.184850244228264,0.000971576349103168
"658",0.337209467907758,0.00405092905441422,0.00235128068065775,3.90986956377077e-05,0.000940728084751008,0.0234499632295786,0.0767479192353268,0.537505296418896,0.0177053166929794
"659",0.0530196096644628,0.000538243230510717,0.00011622534883206,0.000370326320773264,0.00224119271664214,0.0251568999951561,0.00112710177977969,0.193004506588111,0.724425894355732
"661",0.460715854170217,0.0209401538563541,0.010474660734988,0.00031793055229516,0.0225134912226601,0.0509665145601664,0.021354283153265,0.325140223887173,0.0875768878628817
"663",0.494876454783817,0.0049315117880101,0.00362474779747005,0.00014536903849022,0.00232584631492948,0.114257843864936,0.136419878249868,0.221485903471318,0.0219324446911612
"665",0.238259798724736,0.114104829920998,0.0637743130430141,0.00120280040082337,0.0323233775582812,0.0929736887556427,0.236162714734869,0.184056705062577,0.0371417717990587
"667",0.265776364446367,0.00554010293883409,0.00369603209098511,6.59095565838769e-05,0.00614281392340605,0.0159472214373618,0.0839020409197894,0.610761573481209,0.00816794120546398
"668",0.399665002121148,0.000607328663561783,0.00046311450330943,4.75753002378027e-05,0.00029175866754727,0.0723554599112051,0.00551425102192456,0.0613843985988665,0.4596711112122
"670",0.449623955157269,0.000595119112411551,0.000514823840879304,7.44834289827417e-05,0.00132688985145367,0.179064335530155,0.0151048106850584,0.201050885704141,0.152644696689649
"674",0.405927966162258,1.76346932057883e-06,1.13439290783446e-06,2.12789130450441e-07,0.00329831198939138,0.0240556039451534,9.07206896711432e-05,0.563394494534064,0.00322979202810324
"675",0.298226292737728,0.0534324272803906,0.0322006386198353,0.00111287401771458,0.0190344430664979,0.221939419262374,0.254987353646005,0.0908966179366529,0.028169933432801
"676",0.0968321416182285,0.0343016221525063,0.0275136373145326,0.000696058210956349,0.0183594711072101,0.173613637701639,0.591291474027215,0.0525989521008711,0.00479300576684124
"680",0.00528066835868801,0.000478901222022779,0.000355448005601431,0.00362799616457636,0.00305761375535014,0.638389068856299,0.0140935380859568,0.172968240751733,0.161748524799772
"689",0.0256295052519142,0.532784781243424,0.179212834132912,0.00325520807615084,0.00588626578728684,0.0562124686705355,0.154395905024596,0.0272227012122543,0.0154003306009267
"690",0.510775624974928,0.00169092904776744,0.00113970446293533,2.93538600861066e-05,0.00095638351911795,0.0440694387565957,0.0759656751437152,0.34123785620067,0.0241350340341842
"698",0.418704660754166,0.0107546436973623,0.00790417359409007,0.000306710201288832,0.0113843560762961,0.0957534753145489,0.165874115253909,0.27642423643094,0.0128936286773983
"704",0.238341715131194,0.0020596039796114,0.00165275444910869,0.000166608117578162,0.00345600882650488,0.532310850317811,0.175895768962263,0.0398369481483346,0.00627974206759418
"706",0.409371573850982,0.00324147479963406,0.00371372663300803,1.67552773526353e-06,2.13432438571061e-07,0.000898067075732964,0.144185683270645,0.435259026728034,0.00332855868178965
